selke/input/morph/aspect.asc
ncols                480
nrows                360
xllcorner     4422000.00
yllcorner     5716000.00
cellsize          100.00
NODATA_value       -9999
[rows 135 to 161 of 360, columns 305 to 365 of 480]
106.771 113.374 111.313 31.854 337.775 332.027 330.180 345.136 44.789 46.972 40.535 35.691 44.751 104.906 246.037 346.855 4.371 323.380 296.647 277.093 262.648 254.278 241.600 223.291 213.710 217.366 215.964 211.705 232.732 314.416 305.635 311.324 344.400 351.522 37.046 40.610 11.665 355.229 2.053 47.241 46.343 355.939 357.440 21.623 13.371 353.383 3.366 36.494 5.827 66.541 90.553 87.511 115.133 137.936 132.999 121.349 109.159 33.846 317.701 323.542 345.335
87.039 74.711 23.672 338.199 329.445 342.581 347.245 311.359 59.671 57.571 45.817 45.116 45.510 43.123 315.257 295.934 5.528 331.216 319.708 327.571 334.592 304.791 285.049 288.435 259.546 225.743 216.075 217.830 224.093 240.519 289.093 297.921 267.455 234.783 58.570 31.824 8.738 2.933 16.621 48.941 34.049 1.469 7.529 17.975 5.441 8.905 29.112 16.995 6.340 36.027 28.438 28.036 53.162 73.740 85.179 77.131 70.278 316.202 295.716 337.586 12.282
51.710 31.035 359.006 330.591 327.433 357.202 23.727 2.883 78.160 51.594 34.643 54.511 57.067 48.910 24.677 305.470 345.449 341.307 311.095 318.759 345.422 346.834 332.418 322.417 312.058 293.671 244.858 230.076 225.079 224.334 231.225 266.483 340.095 346.942 355.972 4.185 8.130 12.785 26.211 45.586 42.227 20.848 19.690 8.820 5.797 19.118 17.111 8.431 16.575 30.092 18.835 29.709 35.023 30.342 22.019 26.949 44.424 344.087 258.646 266.560 20.760
36.788 12.968 356.963 344.445 340.284 356.546 24.243 42.728 36.319 359.006 30.929 68.483 68.710 62.159 58.731 320.215 328.319 351.516 315.599 290.501 302.555 327.848 337.579 346.118 339.183 323.973 311.594 258.047 232.604 223.134 227.445 240.062 288.181 348.311 343.342 351.066 1.671 7.716 16.748 41.912 44.570 16.485 19.924 9.162 7.073 13.548 3.108 7.566 20.746 16.619 19.410 25.929 16.160 24.297 27.074 23.582 39.554 38.377 273.350 238.096 230.297
26.451 359.511 352.511 355.343 3.252 3.805 19.504 46.350 19.695 336.110 47.112 67.464 59.027 63.856 70.286 323.000 305.191 330.680 334.451 305.844 284.378 287.912 302.775 336.337 347.528 326.778 324.162 272.853 247.620 230.024 229.880 230.230 233.113 287.059 342.553 345.121 351.826 359.573 10.284 41.230 34.077 6.906 24.795 28.136 8.443 358.179 352.554 5.569 15.642 5.622 21.285 27.355 17.898 28.409 35.255 6.304 31.584 46.197 19.449 297.873 246.070
9.925 358.884 352.991 0.000 22.018 20.486 14.131 40.442 21.264 358.394 62.511 48.333 37.352 47.199 47.224 25.353 318.719 299.219 322.907 315.655 286.528 284.971 292.213 305.720 328.431 322.809 338.328 322.843 287.260 261.772 233.172 227.189 226.818 230.919 275.724 340.083 353.603 357.665 3.398 36.924 28.740 9.389 37.073 40.333 10.934 355.573 352.461 0.000 8.022 2.506 26.565 31.208 28.510 27.822 17.317 355.776 61.830 75.396 16.301 347.646 20.573
9.715 10.177 10.462 10.825 39.037 37.215 9.658 25.650 19.088 26.215 42.056 17.577 27.547 40.013 48.851 55.119 354.460 296.316 298.940 307.236 285.199 273.194 275.940 299.134 325.455 321.454 334.207 343.332 313.504 299.564 275.007 239.865 231.163 229.307 238.031 273.577 348.261 358.660 1.837 30.386 21.270 19.272 45.351 38.889 13.782 6.560 4.059 359.332 12.882 10.963 15.812 23.159 29.758 29.407 21.987 24.723 72.544 68.616 337.943 322.978 46.509
25.656 30.095 30.402 25.910 42.997 37.216 7.550 12.132 15.596 31.032 32.927 8.099 19.623 40.902 66.480 73.574 15.722 326.640 323.517 323.386 317.532 300.732 273.638 279.172 315.245 325.061 323.862 338.199 308.715 304.618 317.290 278.624 244.374 235.810 235.346 235.966 254.178 337.298 2.121 25.871 12.995 28.816 44.883 34.411 15.436 12.765 14.680 8.784 23.571 16.905 1.995 13.393 33.456 44.626 38.684 33.169 49.939 47.801 358.655 305.496 29.943
29.286 30.932 32.155 31.842 34.330 29.313 18.284 14.396 24.765 44.734 37.958 17.188 19.409 53.277 80.226 81.441 24.332 337.988 337.380 322.846 314.405 329.850 319.764 291.645 295.812 316.302 310.567 324.181 320.734 305.157 305.695 300.846 274.653 245.304 237.132 234.320 238.222 282.853 359.608 29.814 6.393 24.708 42.368 31.311 15.658 20.544 24.038 15.751 22.273 14.335 3.767 25.018 49.794 59.036 65.640 95.194 102.316 72.646 4.021 320.929 353.237
24.653 27.592 28.913 27.223 26.938 26.687 26.787 29.229 36.964 39.822 33.463 31.234 41.642 69.444 81.119 78.162 39.369 330.210 336.801 330.592 281.239 296.050 325.774 311.714 301.874 316.958 313.032 323.795 342.186 331.049 315.955 310.619 291.634 261.505 245.131 240.084 245.785 266.554 352.005 28.355 14.036 5.691 35.245 22.495 21.448 40.959 39.991 19.163 19.537 13.619 11.904 31.810 34.758 43.415 60.799 76.697 94.652 357.080 337.924 334.963 342.582
27.565 27.339 27.390 27.546 27.595 27.635 30.563 33.513 30.988 27.942 27.887 32.367 43.778 75.349 87.633 85.085 51.676 343.073 346.645 6.409 318.132 289.147 310.601 322.657 313.521 310.553 301.623 309.577 342.507 344.264 326.514 322.058 303.976 260.300 257.436 253.478 257.141 261.706 306.010 24.470 25.292 357.190 18.520 17.447 35.227 51.092 37.781 14.079 15.945 20.601 25.446 28.461 24.869 35.482 43.990 44.652 36.708 334.179 320.765 354.413 8.444
56.026 69.907 44.654 27.847 27.715 25.541 27.643 29.775 29.733 32.005 26.884 31.205 59.196 91.752 92.597 82.427 33.456 336.110 353.910 11.310 342.673 351.314 18.138 347.819 322.125 295.326 280.594 279.783 307.367 336.541 327.265 333.512 8.289 298.202 271.706 254.865 253.471 251.105 244.494 326.957 22.521 0.298 9.232 24.567 41.403 41.869 26.237 15.945 15.510 33.733 43.101 12.193 16.665 36.679 48.652 41.443 23.088 356.670 294.980 313.718 23.499
60.515 53.028 13.366 13.016 25.883 24.238 26.852 31.715 36.677 40.189 41.826 67.550 102.178 106.763 93.252 73.727 18.401 318.535 351.581 20.141 330.537 351.174 27.149 26.239 24.928 310.764 280.670 276.619 283.072 308.701 314.738 325.061 5.662 330.660 282.401 251.959 244.920 245.074 250.422 297.058 359.145 3.426 22.999 34.875 27.597 29.425 28.878 35.435 28.121 29.745 26.102 1.076 2.869 23.984 35.144 21.377 7.302 16.434 2.439 318.434 4.667
67.713 35.097 19.218 14.134 20.272 27.460 33.472 41.415 43.302 44.373 63.391 100.141 117.663 117.609 112.204 95.374 330.219 308.944 358.974 53.642 297.634 314.930 24.424 25.938 27.168 32.167 314.057 292.297 295.253 299.981 295.364 298.142 357.273 319.885 285.744 270.143 245.398 239.536 237.909 244.176 324.768 358.560 37.273 32.823 12.894 39.517 51.462 49.807 28.481 13.749 27.667 23.377 17.153 32.905 35.102 20.204 9.498 22.073 21.858 3.117 353.316
146.148 123.977 91.458 49.869 37.550 53.807 51.695 52.937 55.290 64.550 83.015 101.334 112.879 114.192 107.065 39.550 313.159 307.677 53.011 91.515 259.701 268.287 359.328 22.952 29.027 34.091 22.865 345.353 309.042 308.920 290.973 281.309 314.999 316.499 307.278 304.741 268.608 246.908 247.587 251.124 259.868 328.672 17.059 21.016 28.326 57.402 49.471 30.541 17.424 19.133 53.731 79.761 102.828 89.994 44.225 30.466 21.600 30.146 35.042 24.102 0.754
177.650 130.913 79.726 82.551 114.297 131.456 124.761 87.972 81.350 88.045 95.844 99.981 100.963 97.315 77.497 322.229 303.690 304.867 67.074 72.851 263.585 249.360 248.780 336.458 27.229 33.471 27.130 23.789 28.706 313.905 303.931 294.728 303.398 305.980 307.898 323.807 310.845 257.223 254.103 251.523 250.843 314.101 0.000 25.308 46.102 40.781 21.953 22.286 19.920 31.399 49.409 51.843 22.706 355.873 358.195 7.507 13.197 22.768 32.619 24.106 359.301
213.649 221.496 73.457 78.082 87.835 95.644 124.707 133.697 124.624 110.399 105.629 104.938 92.953 71.834 37.796 290.692 278.293 290.456 49.731 50.520 22.808 260.662 252.808 272.058 344.198 29.139 27.351 29.679 37.160 32.113 333.309 314.338 310.339 304.584 301.454 311.048 346.083 272.905 250.127 253.414 265.133 325.164 7.125 40.486 49.695 29.594 18.325 29.358 29.389 30.964 39.289 41.909 25.870 350.916 347.332 6.654 20.287 27.432 35.984 24.497 0.175
215.057 212.320 188.862 118.113 95.562 85.122 91.740 104.219 113.958 112.007 103.647 93.639 75.473 55.856 8.348 321.557 300.919 300.601 23.108 47.500 47.927 317.246 281.301 280.479 299.437 5.136 26.565 35.503 51.485 57.071 17.242 319.799 319.823 319.791 313.715 294.639 248.963 300.746 275.963 269.479 277.676 348.774 15.113 32.609 31.858 24.254 27.897 34.012 27.646 15.372 24.283 39.417 30.256 354.933 343.156 14.670 37.569 35.882 33.474 24.390 19.427
210.135 215.606 204.348 161.334 146.182 142.588 116.105 96.295 91.519 93.422 87.761 79.534 77.465 24.095 334.058 334.136 338.962 340.245 77.654 102.232 84.506 311.813 297.340 302.408 283.768 288.947 16.661 61.303 79.411 76.579 48.144 313.858 315.517 317.425 321.981 29.220 297.429 277.173 270.725 268.399 272.329 334.345 16.880 28.488 26.613 30.568 43.348 39.677 19.923 5.866 16.032 34.202 31.986 8.764 352.569 31.875 50.029 43.668 30.415 23.699 40.020
206.946 210.555 200.951 180.000 161.761 156.494 139.473 125.160 103.752 83.029 80.450 90.593 88.139 317.603 308.421 321.461 352.757 31.008 86.763 106.804 17.082 315.244 303.649 321.944 318.094 271.771 151.798 136.218 120.131 105.824 68.361 324.538 320.958 312.985 322.237 353.125 338.222 317.530 306.524 287.478 287.339 328.435 27.892 39.821 41.024 52.432 59.036 43.327 11.454 356.560 15.439 43.733 56.919 53.862 39.806 60.495 65.253 64.406 58.240 72.867 88.039
191.434 202.732 195.737 185.910 181.133 173.257 158.021 156.745 156.421 134.537 107.979 97.095 352.885 318.063 308.958 295.622 340.401 80.078 84.870 50.913 321.260 318.376 316.150 334.786 348.778 47.490 110.836 121.774 124.987 119.174 13.970 330.850 337.496 325.428 323.973 328.561 321.009 296.461 286.628 284.918 292.378 332.398 28.781 41.291 37.260 39.903 39.157 28.740 9.039 352.131 19.358 57.891 74.975 77.720 62.105 43.453 57.141 61.798 71.564 110.308 125.362
65.017 158.445 177.964 181.526 184.836 176.901 162.615 161.883 168.239 164.075 117.112 7.332 338.530 337.177 350.576 352.006 8.036 72.780 76.873 16.354 301.965 309.006 322.298 349.747 16.544 38.234 81.204 84.600 80.737 65.219 318.077 314.189 351.804 331.484 323.260 336.852 339.091 266.383 255.713 267.265 278.933 326.022 25.930 35.645 22.294 29.068 32.296 24.857 14.925 1.207 15.052 38.211 50.412 40.711 25.721 29.917 43.462 48.338 50.796 75.695 89.243
16.479 27.118 28.934 24.546 53.160 134.170 132.626 71.851 358.503 345.854 341.262 339.195 341.281 351.049 12.969 20.606 21.808 50.452 61.309 0.056 307.178 330.046 352.152 12.516 24.444 42.138 75.692 73.642 66.182 55.468 348.758 313.862 348.801 343.745 331.343 342.236 5.691 324.074 262.098 263.578 268.741 301.759 27.350 37.811 30.488 41.348 37.288 25.057 20.644 18.118 18.667 38.319 45.555 29.442 32.560 43.898 47.822 46.102 50.625 63.055 46.532
13.135 23.399 14.246 14.800 22.253 17.719 7.552 352.447 343.520 339.815 333.412 329.137 335.267 0.985 38.343 45.391 39.886 52.334 52.859 4.943 307.652 327.511 3.532 15.097 27.621 57.729 100.235 104.890 98.492 74.836 5.618 314.034 335.305 352.635 344.476 342.593 7.240 4.085 269.521 257.257 257.326 264.129 24.874 51.067 57.402 57.674 40.909 27.223 27.217 29.848 25.754 31.805 33.739 29.673 33.633 36.056 42.241 50.676 62.394 61.623 35.981
26.273 30.571 14.747 16.791 20.825 8.771 2.131 352.137 337.781 333.799 322.480 286.958 205.560 173.879 115.792 75.066 51.315 56.772 54.851 25.675 305.188 304.915 349.853 4.927 26.058 67.944 105.122 119.303 133.168 131.671 325.841 303.938 316.245 355.426 354.208 342.864 4.102 10.539 325.730 258.569 259.867 263.517 327.804 53.036 45.704 43.186 34.250 28.040 34.642 32.121 27.788 28.356 28.691 36.705 31.031 37.441 54.524 58.240 49.222 55.968 27.340
35.668 30.148 20.120 12.175 11.963 359.856 357.617 353.746 337.949 336.347 351.038 167.157 169.432 172.853 169.434 112.213 81.056 90.139 99.026 107.794 295.407 310.034 324.808 343.897 23.427 54.128 61.821 60.193 58.076 18.175 319.529 296.184 301.063 347.062 7.913 351.725 3.366 10.007 40.764 260.707 258.653 256.033 249.865 53.405 39.469 37.689 27.281 24.516 34.644 27.785 28.573 30.889 26.650 34.111 34.428 43.427 52.815 47.178 24.585 38.871 20.414
24.400 27.462 16.353 353.183 354.979 352.479 353.753 352.517 335.145 2.425 96.549 110.784 127.776 144.696 184.527 179.606 130.263 120.565 112.535 313.238 298.220 316.928 327.105 312.998 10.025 51.931 51.364 54.761 53.679 22.443 359.737 307.333 297.970 335.063 24.996 20.166 356.532 30.963 76.711 254.896 249.077 238.168 219.969 206.783 26.795 35.892 26.210 23.556 26.891 24.064 28.261 30.174 27.523 32.818 34.798 34.063 36.921 34.515 18.237 22.546 21.173
