selke/input/morph/aspect.asc
ncols                480
nrows                360
xllcorner     4422000.00
yllcorner     5716000.00
cellsize          100.00
NODATA_value       -9999
[rows 189 to 215 of 360, columns 305 to 365 of 480]
134.538 127.626 103.380 84.821 53.943 23.779 55.492 70.338 45.899 332.928 332.526 334.175 331.444 342.560 51.129 17.837 352.273 22.505 9.740 334.188 347.707 356.254 18.606 19.355 14.851 26.007 13.352 313.608 311.012 350.938 343.976 352.060 344.931 357.465 9.829 319.253 279.157 259.072 253.682 245.494 238.834 239.782 224.043 203.237 204.171 222.023 242.564 259.492 293.335 327.320 342.892 358.092 13.220 24.397 26.261 24.570 23.113 20.204 26.729 37.422 45.847
134.465 109.586 71.778 58.624 33.807 24.027 70.175 54.718 329.610 324.603 331.592 335.091 329.395 23.109 49.682 22.924 332.714 58.808 48.794 359.397 343.096 352.971 18.388 8.909 353.878 10.825 19.151 3.904 319.791 317.814 330.665 332.482 328.270 353.165 9.411 351.305 331.930 300.879 263.911 247.594 238.379 224.894 206.909 206.157 225.720 248.148 257.260 258.616 263.001 270.777 284.210 335.342 45.710 39.701 37.763 31.825 32.488 37.053 36.689 44.134 53.881
109.712 46.451 60.033 56.595 29.799 27.342 36.103 336.588 323.241 325.413 335.399 351.423 347.775 12.962 54.620 46.161 354.716 51.754 42.430 9.337 344.982 343.038 5.095 1.689 346.304 2.095 28.818 26.228 343.712 320.551 321.862 321.767 324.665 344.427 351.795 348.740 347.537 345.042 337.977 280.244 236.144 213.972 212.697 228.603 247.598 256.590 254.129 247.404 239.264 224.965 213.514 200.493 175.711 91.469 54.683 38.939 33.261 38.135 36.136 46.547 67.095
20.619 34.695 79.439 67.608 24.507 12.288 337.592 324.413 324.685 338.901 6.982 0.515 356.883 9.991 45.994 43.053 15.830 31.797 26.109 6.395 348.300 339.190 349.884 356.000 352.866 6.710 34.208 31.068 350.221 332.303 331.731 326.420 326.747 341.296 342.082 335.152 335.948 340.653 4.809 1.875 322.328 307.875 289.704 272.373 253.286 244.552 235.339 236.205 235.622 224.765 217.638 212.891 204.296 190.713 154.747 22.954 22.814 30.269 36.457 51.065 68.357
354.950 51.062 73.105 55.853 343.014 332.636 325.882 323.053 335.635 4.205 1.202 359.957 4.717 10.073 37.143 42.443 20.938 21.295 7.877 354.596 348.375 336.478 340.318 354.969 354.182 9.554 34.508 26.377 350.545 337.021 338.042 334.193 331.064 338.532 341.349 339.606 332.590 331.101 10.909 18.542 346.880 344.021 327.536 325.534 302.011 269.145 254.019 252.190 250.082 244.671 244.953 245.392 234.550 213.553 219.204 -9999.000 116.259 66.693 62.494 56.899 51.191
12.438 52.924 48.288 357.214 327.286 323.814 323.759 328.511 348.750 353.157 0.571 7.297 12.158 8.058 36.742 41.581 14.691 13.498 359.663 344.355 348.513 344.177 344.026 2.987 354.021 1.958 33.106 25.138 352.313 339.416 340.487 341.240 339.317 338.056 344.878 352.855 344.757 339.146 15.642 28.096 346.529 347.862 336.456 331.677 335.748 318.395 297.438 283.302 272.610 261.870 256.285 256.296 263.675 296.225 319.086 -9999.000 -9999.000 -9999.000 134.252 67.700 38.861
40.146 52.468 8.557 327.674 323.567 325.233 331.385 338.136 338.322 351.158 8.628 19.813 17.961 5.052 38.004 39.747 6.679 7.884 359.488 338.083 343.587 351.891 351.893 0.162 356.828 1.941 40.110 27.422 341.094 342.788 343.279 342.800 340.872 333.852 339.262 351.215 350.780 350.682 20.969 33.973 354.043 350.131 349.591 330.186 327.653 314.225 300.531 293.709 281.054 264.209 260.353 264.144 264.668 267.610 61.337 -9999.000 -9999.000 -9999.000 -9999.000 357.328 20.652
50.597 36.686 324.581 318.243 324.466 336.040 347.838 333.794 329.745 355.738 20.433 21.938 13.756 5.405 33.595 36.842 359.311 6.619 1.812 335.346 337.758 352.602 353.493 354.558 359.343 5.094 41.292 12.458 328.876 342.023 342.750 342.022 343.243 339.976 337.427 344.144 349.419 357.599 26.362 33.141 4.113 0.772 9.303 2.499 343.450 274.139 269.510 273.362 275.993 270.838 267.032 266.540 258.589 244.915 179.090 -9999.000 -9999.000 -9999.000 -9999.000 282.284 79.992
35.472 345.964 318.019 318.071 332.660 339.660 343.155 330.277 322.003 359.621 24.448 15.491 8.455 4.829 28.911 31.608 356.711 0.926 0.448 345.798 347.981 353.018 354.954 358.947 1.450 3.587 33.382 0.529 325.831 338.399 337.862 338.322 342.829 346.612 344.937 347.402 350.437 3.079 38.487 39.742 14.257 15.299 26.865 30.687 32.482 298.951 261.712 264.812 273.795 287.811 286.986 282.269 275.543 257.991 199.066 -9999.000 -9999.000 -9999.000 -9999.000 -9999.000 -9999.000
347.650 327.995 320.699 323.254 336.984 331.712 335.246 332.642 328.768 352.770 7.591 8.616 4.941 0.752 24.954 29.235 357.030 353.460 358.216 350.967 353.513 359.098 1.558 4.708 1.622 5.462 26.669 348.537 326.079 335.167 334.151 336.365 339.376 347.501 354.010 0.571 11.773 38.783 65.790 51.989 32.370 39.795 48.234 43.796 32.828 0.156 312.851 294.393 291.083 292.124 293.800 286.830 272.039 256.719 196.209 -9999.000 -9999.000 -9999.000 -9999.000 -9999.000 -9999.000
320.266 319.783 324.296 329.285 330.024 324.013 327.513 335.052 339.426 346.373 351.522 2.175 4.417 357.607 19.722 27.471 356.559 349.556 355.501 352.437 355.570 5.184 8.951 8.602 5.891 21.830 13.401 333.216 332.410 334.709 332.080 337.322 337.841 349.736 21.489 55.529 89.902 108.599 102.513 73.381 58.387 58.356 53.876 33.668 14.285 357.522 338.359 330.989 313.769 297.098 308.825 313.427 260.904 234.230 193.782 -9999.000 -9999.000 -9999.000 -9999.000 -9999.000 -9999.000
324.019 319.770 323.617 325.094 324.462 319.791 320.663 330.264 335.349 339.920 343.168 354.873 1.359 357.902 17.366 22.694 358.057 353.332 353.353 354.879 0.682 11.106 18.226 19.584 25.554 53.818 329.135 319.826 336.554 335.573 328.110 335.625 347.775 76.950 114.764 119.401 108.479 84.085 68.152 79.680 75.845 55.039 30.882 6.590 358.331 354.920 346.874 357.152 350.793 328.803 344.005 1.181 338.607 307.535 194.035 -9999.000 -9999.000 -9999.000 -9999.000 -9999.000 -9999.000
338.452 341.545 333.286 322.667 320.637 320.874 323.251 328.031 329.699 330.817 330.905 344.640 357.747 358.470 21.154 18.664 359.364 359.877 357.167 359.784 9.138 24.474 39.986 51.266 70.898 54.618 308.913 314.393 339.908 344.074 335.779 342.744 108.674 115.169 98.192 47.700 30.079 17.200 29.423 44.041 33.857 13.856 355.592 354.528 355.156 353.829 354.306 2.745 5.427 0.195 9.650 8.672 7.589 18.118 33.504 -9999.000 -9999.000 -9999.000 -9999.000 -9999.000 -9999.000
340.752 346.111 347.248 329.957 324.157 325.212 334.115 337.096 333.087 329.523 309.597 293.373 293.443 318.178 41.628 17.859 6.043 19.041 29.605 59.130 99.647 107.074 108.705 113.555 18.058 339.049 327.913 325.109 347.645 5.107 43.242 122.598 117.766 59.060 16.112 5.552 12.013 13.876 42.190 44.830 4.405 348.358 346.049 355.599 358.893 356.479 2.020 12.605 17.860 12.969 11.316 13.862 20.509 33.743 -9999.000 -9999.000 -9999.000 -9999.000 -9999.000 -9999.000 -9999.000
334.521 340.757 348.803 329.308 309.709 303.350 314.946 329.465 328.104 319.629 222.806 203.658 194.931 182.895 193.081 169.711 143.212 142.710 146.499 154.872 147.437 139.508 130.993 101.171 309.508 317.921 329.845 337.400 39.489 96.433 107.744 69.008 8.757 354.685 356.349 3.353 13.825 35.462 52.972 6.517 344.009 340.427 345.442 3.132 7.346 6.128 19.904 33.989 26.322 20.298 30.431 48.207 68.681 -9999.000 -9999.000 -9999.000 -9999.000 -9999.000 -9999.000 -9999.000 -9999.000
337.644 334.301 345.397 338.070 301.324 267.091 242.382 227.148 205.929 190.267 196.980 273.023 296.580 346.222 82.905 145.244 133.783 127.220 120.859 118.367 105.488 94.161 35.863 330.823 322.074 324.788 336.109 35.061 82.729 64.817 28.442 359.256 349.153 345.970 352.595 11.270 38.499 47.950 22.112 342.049 327.990 321.730 333.278 46.398 49.565 47.837 59.240 56.622 45.605 -9999.000 -9999.000 -9999.000 -9999.000 -9999.000 -9999.000 -9999.000 -9999.000 -9999.000 -9999.000 -9999.000 -9999.000
343.117 337.979 343.696 348.977 337.952 323.007 289.703 265.524 276.062 317.407 328.817 332.192 334.664 356.959 33.695 56.557 62.155 53.788 40.916 35.189 41.344 52.830 343.743 296.004 306.477 351.837 50.841 75.645 43.799 26.193 23.554 350.681 331.811 334.361 359.761 70.997 74.369 5.960 358.662 344.715 306.312 267.124 188.498 127.953 116.024 90.469 55.494 -9999.000 -9999.000 -9999.000 -9999.000 -9999.000 -9999.000 -9999.000 -9999.000 -9999.000 -9999.000 -9999.000 -9999.000 -9999.000 -9999.000
339.615 343.313 345.881 348.717 348.890 350.997 347.782 342.246 339.867 336.918 334.033 337.254 344.418 356.557 31.876 43.269 28.135 21.359 13.358 13.465 29.042 41.712 9.437 253.800 229.128 175.630 159.787 197.418 196.390 82.248 82.937 310.651 288.811 303.934 81.531 73.936 356.505 341.053 359.859 6.309 341.565 333.506 21.835 49.247 31.514 12.802 -9999.000 -9999.000 -9999.000 -9999.000 -9999.000 -9999.000 -9999.000 -9999.000 -9999.000 -9999.000 -9999.000 -9999.000 -9999.000 -9999.000 -9999.000
326.035 335.374 344.883 349.670 352.672 356.228 356.600 0.346 354.686 339.110 336.650 342.933 354.793 357.460 30.070 38.204 13.879 10.578 7.285 15.013 30.453 26.912 21.060 326.102 211.542 179.803 188.393 210.918 197.076 176.066 157.849 318.136 305.613 317.309 43.843 350.233 335.246 342.637 7.498 14.127 2.753 12.841 26.285 23.640 12.603 1.044 -9999.000 -9999.000 -9999.000 -9999.000 -9999.000 -9999.000 -9999.000 -9999.000 -9999.000 -9999.000 -9999.000 -9999.000 -9999.000 -9999.000 -9999.000
314.444 314.580 325.220 343.048 355.846 2.868 8.698 15.811 3.823 342.542 337.962 344.908 0.351 4.558 30.685 33.832 7.347 6.716 10.760 24.610 23.191 9.359 17.908 18.631 17.314 39.011 254.786 250.370 250.390 293.060 328.898 342.061 345.391 1.540 1.904 323.375 316.073 337.608 4.383 18.899 28.426 42.571 29.101 8.796 354.103 350.970 -9999.000 -9999.000 -9999.000 -9999.000 -9999.000 -9999.000 -9999.000 -9999.000 -9999.000 -9999.000 -9999.000 -9999.000 -9999.000 -9999.000 -9999.000
313.319 308.309 295.956 312.608 350.697 12.017 24.514 21.348 3.420 346.384 337.852 345.510 3.769 12.215 35.618 29.471 1.048 6.308 9.104 14.864 8.884 1.380 16.530 24.742 30.071 51.434 349.062 308.633 332.256 333.833 339.790 351.415 6.946 17.487 356.433 320.401 305.639 320.309 355.176 47.308 62.887 30.630 0.086 358.752 352.130 350.029 -9999.000 -9999.000 -9999.000 -9999.000 -9999.000 -9999.000 -9999.000 -9999.000 -9999.000 -9999.000 -9999.000 -9999.000 -9999.000 -9999.000 -9999.000
299.211 313.118 296.461 277.893 296.632 5.288 20.412 11.093 0.142 350.416 343.157 348.784 5.909 16.692 32.113 18.954 358.772 5.696 5.051 9.793 8.869 10.316 23.825 37.745 52.479 71.926 335.251 302.209 332.718 343.275 350.283 5.572 27.187 17.763 1.779 348.072 328.512 328.747 9.484 52.595 21.698 352.197 349.371 354.322 357.136 358.973 -9999.000 -9999.000 -9999.000 -9999.000 -9999.000 -9999.000 -9999.000 -9999.000 -9999.000 -9999.000 -9999.000 -9999.000 -9999.000 -9999.000 -9999.000
279.266 284.073 304.575 312.299 316.246 343.251 359.315 2.373 359.286 351.282 348.545 352.766 9.416 19.435 25.609 15.160 1.830 4.962 7.234 17.535 21.139 27.681 42.415 59.783 75.074 82.781 303.396 287.451 317.635 354.991 6.956 19.608 19.263 6.112 3.680 355.853 348.015 343.045 14.457 30.156 347.508 343.668 351.200 351.615 4.126 17.178 -9999.000 -9999.000 -9999.000 -9999.000 -9999.000 -9999.000 -9999.000 -9999.000 -9999.000 -9999.000 -9999.000 -9999.000 -9999.000 -9999.000 -9999.000
295.827 267.603 271.531 296.388 316.554 333.416 344.298 357.752 358.898 352.292 354.720 2.377 14.736 11.936 21.320 17.167 2.789 6.687 18.645 38.918 44.172 49.137 60.397 66.181 68.385 69.188 314.521 275.540 279.512 352.636 12.595 7.786 2.903 5.141 1.302 350.512 354.659 354.396 16.055 20.764 342.848 348.427 2.434 1.617 23.366 -9999.000 -9999.000 -9999.000 -9999.000 -9999.000 -9999.000 -9999.000 -9999.000 -9999.000 -9999.000 -9999.000 -9999.000 -9999.000 -9999.000 -9999.000 -9999.000
327.121 303.748 268.190 251.985 248.422 258.181 288.320 335.133 351.620 354.329 6.820 13.661 8.305 356.289 19.293 17.950 4.347 27.590 62.868 82.347 86.186 87.349 79.473 71.951 71.216 73.168 323.315 276.068 277.346 318.441 357.652 350.722 356.015 8.778 351.811 341.387 354.382 0.182 19.728 16.982 346.210 359.659 11.696 19.249 -9999.000 -9999.000 -9999.000 -9999.000 -9999.000 -9999.000 -9999.000 -9999.000 -9999.000 -9999.000 -9999.000 -9999.000 -9999.000 -9999.000 -9999.000 -9999.000 -9999.000
327.366 332.687 329.575 262.077 232.741 234.275 251.459 277.415 324.651 355.741 20.595 14.674 7.020 17.711 57.973 30.324 69.751 113.002 124.130 125.866 120.910 126.549 124.303 105.335 102.723 100.363 295.502 290.913 304.218 328.118 349.768 345.227 356.812 8.275 338.923 329.383 348.203 1.055 23.853 16.761 350.154 12.634 31.670 -9999.000 -9999.000 -9999.000 -9999.000 -9999.000 -9999.000 -9999.000 -9999.000 -9999.000 -9999.000 -9999.000 -9999.000 -9999.000 -9999.000 -9999.000 -9999.000 -9999.000 -9999.000
320.608 330.603 356.424 354.723 296.319 256.519 249.147 249.409 252.616 272.932 61.976 103.744 140.490 153.377 180.133 175.961 143.103 137.450 142.273 155.673 147.795 145.148 157.672 156.123 127.556 93.809 292.681 289.204 306.766 330.930 352.241 349.879 359.513 1.842 335.736 321.118 333.640 355.696 27.855 20.913 8.398 52.197 -9999.000 -9999.000 -9999.000 -9999.000 -9999.000 -9999.000 -9999.000 -9999.000 -9999.000 -9999.000 -9999.000 -9999.000 -9999.000 -9999.000 -9999.000 -9999.000 -9999.000 -9999.000 -9999.000
