selke/input/morph/aspect.asc
ncols                480
nrows                360
xllcorner     4422000.00
yllcorner     5716000.00
cellsize          100.00
NODATA_value       -9999
[rows 108 to 134 of 360, columns 305 to 365 of 480]
325.777 340.456 258.690 236.140 234.544 243.872 293.257 328.336 350.297 359.695 356.450 348.425 356.410 37.853 38.907 36.998 52.529 285.461 279.594 279.293 280.731 290.164 355.733 12.421 332.787 334.437 3.491 17.210 32.794 37.333 26.944 18.875 56.980 110.206 155.679 175.984 217.163 240.134 245.676 57.491 303.266 180.438 136.919 121.328 96.647 64.526 61.855 69.590 88.862 84.657 265.732 82.879 90.831 95.196 260.537 92.603 104.886 248.933 240.482 220.052 221.081
287.750 310.639 294.558 238.603 238.039 237.955 237.084 272.928 333.312 63.435 115.498 243.435 304.552 39.265 35.600 28.490 33.079 355.275 261.372 241.386 232.331 217.812 207.087 193.246 242.771 282.733 11.423 28.980 43.494 48.038 49.095 80.531 115.073 139.788 165.489 175.353 201.525 217.633 199.863 188.671 167.786 136.699 130.197 109.868 69.371 68.681 70.660 80.371 125.595 93.013 281.890 143.129 132.918 143.975 273.815 65.556 33.540 301.247 271.005 228.224 228.576
301.249 314.449 309.290 301.194 248.494 234.190 232.778 236.753 194.399 140.746 162.312 245.144 282.216 53.004 44.999 27.112 46.402 40.455 234.880 213.654 211.959 206.632 200.745 185.325 185.552 189.305 179.437 178.195 176.289 175.238 173.910 168.780 157.397 158.041 168.528 168.936 189.478 202.718 187.666 188.142 162.709 124.603 106.739 67.649 70.544 66.899 61.491 54.998 45.245 58.240 45.000 82.874 87.878 236.312 275.710 15.020 350.618 314.132 301.310 245.856 252.708
293.448 336.293 324.605 302.471 247.186 238.078 242.329 239.595 200.323 149.465 235.646 288.558 305.537 42.879 38.516 47.468 72.277 53.168 17.922 5.670 241.991 211.104 197.712 183.441 181.818 183.048 180.181 179.322 178.268 178.189 177.137 176.282 178.064 185.320 156.947 150.875 184.688 200.121 186.858 193.010 162.101 111.840 84.226 56.182 54.533 52.903 47.114 42.994 43.443 35.642 23.829 51.911 32.620 14.745 301.503 303.960 315.001 304.624 296.565 245.560 251.565
281.569 304.200 312.188 329.505 328.046 254.291 242.867 239.898 235.397 333.566 317.218 306.294 332.526 28.578 57.127 84.346 79.744 40.794 7.279 10.008 21.162 24.259 5.922 0.197 26.499 36.522 12.929 15.889 51.935 79.337 103.345 139.390 202.183 212.415 156.422 123.261 224.761 221.481 188.777 211.193 185.095 105.103 82.962 62.004 57.787 61.599 55.640 51.964 52.358 34.808 26.737 37.604 28.740 41.309 335.556 309.289 307.118 305.538 293.196 225.000 233.004
297.771 298.527 299.556 326.070 359.281 259.061 233.113 235.051 234.654 246.604 299.010 291.169 236.007 74.738 79.172 75.719 56.788 19.461 355.702 4.521 19.640 26.656 12.499 352.921 26.329 37.147 31.120 16.482 33.966 39.769 20.527 42.274 11.339 232.555 163.664 53.821 341.611 357.747 8.746 276.021 215.306 115.082 98.687 99.242 92.298 87.698 79.220 65.949 48.280 32.187 38.495 45.838 50.679 28.402 349.891 330.069 322.766 310.917 281.310 288.435 225.000
303.639 296.751 288.435 302.087 21.909 39.516 258.553 234.424 229.304 229.897 229.764 214.939 245.106 325.146 24.776 38.010 40.578 5.782 346.492 349.077 12.333 30.656 35.482 30.555 348.946 17.447 24.154 16.286 19.663 21.488 10.795 18.535 11.124 17.239 8.380 331.582 337.479 0.414 7.952 19.880 140.771 125.241 109.319 115.291 117.173 113.180 100.409 61.381 15.421 23.401 40.569 45.521 57.355 29.416 351.280 8.531 20.096 33.697 206.565 225.000 225.000
292.548 287.665 290.131 283.253 3.122 23.082 332.046 269.367 237.280 234.388 226.399 218.944 252.001 300.366 354.149 36.666 45.981 2.799 343.479 340.778 8.887 39.042 47.663 36.870 330.573 340.219 12.334 21.984 15.849 12.235 14.287 10.356 6.896 17.072 11.789 4.101 352.481 350.665 22.702 62.697 87.453 101.281 100.639 108.741 106.728 99.256 72.713 19.042 335.783 17.209 42.546 38.067 38.030 32.292 28.142 50.290 74.477 130.236 168.688 229.764 225.000
288.435 286.513 304.435 307.588 296.767 340.253 337.723 358.131 264.289 239.530 236.695 245.551 268.367 298.796 322.643 31.137 42.975 4.494 348.625 343.810 11.940 42.663 42.710 26.397 345.114 325.802 349.992 23.286 9.689 4.075 22.080 20.879 10.348 354.359 5.133 14.309 4.491 12.450 45.885 80.737 85.612 86.714 81.849 57.675 47.495 36.306 16.568 351.215 328.568 13.842 42.617 34.352 32.079 35.436 41.150 49.507 58.240 79.076 169.378 246.038 180.011
295.135 284.699 285.060 308.355 315.769 300.874 298.207 358.738 333.020 256.107 251.565 256.548 269.110 316.823 325.901 16.861 34.819 9.256 1.728 354.131 18.305 38.558 31.942 22.145 356.254 343.269 343.670 9.971 6.147 1.163 23.895 28.191 11.620 354.443 357.234 345.987 357.367 26.250 47.653 65.876 76.085 85.085 90.809 14.036 19.327 28.110 17.585 348.521 340.859 15.296 36.119 35.107 36.009 42.563 44.365 41.831 40.227 54.794 94.398 236.094 237.097
325.480 270.281 266.760 287.403 298.516 276.882 265.668 296.307 341.131 299.592 252.007 248.099 246.851 256.937 301.175 10.368 34.153 15.461 17.043 11.184 19.983 27.428 23.424 23.572 359.659 340.315 345.997 7.595 9.873 355.926 19.013 32.181 11.251 351.277 351.027 328.481 343.471 44.849 52.693 58.388 90.295 116.106 151.239 235.273 299.201 30.999 24.628 2.291 24.715 39.906 27.780 37.244 44.510 47.779 42.419 34.437 34.834 46.762 54.462 288.435 281.976
15.673 307.295 279.191 297.685 316.828 315.000 286.483 283.887 300.465 300.364 251.952 242.431 239.024 240.670 263.607 336.340 30.250 15.747 20.005 17.146 16.492 23.989 21.578 21.984 11.564 333.893 331.602 16.251 15.101 346.512 16.245 37.466 11.958 349.160 350.311 341.944 349.409 64.191 60.230 61.083 76.047 83.893 81.520 272.025 272.796 342.108 20.225 26.427 48.782 43.765 355.778 33.243 48.033 44.638 36.737 31.844 39.911 47.498 43.285 12.282 341.346
39.686 8.054 281.016 278.588 309.644 308.418 293.026 280.125 269.170 266.276 244.822 238.161 241.491 243.883 249.069 276.239 356.532 6.847 14.278 16.287 20.365 33.837 31.713 17.517 15.068 359.816 342.992 352.569 358.221 356.915 20.056 38.418 12.725 347.032 355.022 19.885 55.049 75.364 64.401 64.243 55.804 41.461 16.032 341.565 320.801 321.983 10.453 43.766 46.067 38.039 5.290 10.821 32.453 35.104 34.088 39.031 50.743 51.397 42.468 27.538 25.060
72.834 46.135 291.545 299.557 327.847 287.312 281.310 268.877 256.176 248.199 228.851 244.859 244.946 241.660 236.962 242.338 280.025 350.450 18.850 30.311 33.304 40.052 37.940 24.049 9.752 9.313 359.349 344.198 348.807 8.352 24.012 30.619 15.862 350.707 11.591 53.972 52.997 38.345 46.476 62.428 51.987 32.043 20.849 4.585 349.559 338.271 16.400 45.400 36.482 37.291 14.296 1.601 18.351 27.235 42.490 55.282 60.810 56.621 47.382 41.037 46.265
18.027 11.238 311.143 309.435 353.660 324.533 293.286 285.255 278.871 275.404 250.346 242.650 242.123 237.835 233.447 236.456 240.500 227.193 126.740 82.045 45.371 32.125 22.772 16.284 12.355 11.656 7.028 346.123 347.255 12.639 27.324 32.261 23.356 4.049 14.349 30.069 24.881 15.357 24.997 49.279 41.966 21.120 25.217 20.138 5.896 357.477 30.079 43.184 33.668 38.747 18.272 4.670 26.433 27.272 46.390 54.035 52.794 51.474 48.562 43.479 44.161
320.356 354.686 337.797 281.889 306.870 343.334 321.818 300.735 306.690 325.008 9.783 243.435 249.228 243.521 238.748 246.801 255.882 250.543 192.095 56.701 20.480 23.924 23.537 34.332 36.750 32.571 34.413 24.008 23.961 328.172 14.506 38.145 27.150 2.767 0.687 10.570 17.886 12.995 14.170 39.692 31.483 16.577 27.629 25.891 14.479 11.696 26.111 38.409 43.934 40.838 19.841 19.975 29.678 13.346 18.407 27.733 37.581 44.215 44.360 40.954 42.448
268.387 284.535 3.764 325.856 272.203 309.976 342.897 313.477 309.758 334.290 11.221 4.927 281.735 259.661 249.785 261.298 275.223 331.834 349.867 6.561 15.817 31.991 67.392 98.830 95.403 58.165 37.875 31.805 21.250 331.336 346.661 25.385 20.244 355.601 346.451 0.649 23.012 17.573 8.842 35.441 27.072 19.524 33.936 18.776 12.887 13.866 30.407 53.764 56.837 34.775 15.214 23.325 12.547 359.364 0.293 16.418 42.155 49.462 45.598 43.640 45.954
30.734 302.760 342.588 21.396 303.996 318.834 352.480 353.580 325.329 325.251 358.839 7.705 321.280 266.364 259.574 261.365 260.254 274.239 353.864 9.284 32.916 42.039 55.329 52.214 31.247 24.341 22.363 31.409 21.864 342.843 343.000 10.814 15.586 356.060 338.365 355.057 39.213 30.579 357.221 30.598 27.553 21.352 27.727 12.754 13.942 19.734 41.272 52.609 41.320 22.402 8.008 11.671 2.169 1.187 353.077 13.009 47.939 44.186 39.423 45.065 52.295
42.999 7.643 348.219 358.206 333.905 317.344 352.325 23.260 351.210 321.569 339.986 354.620 339.279 311.642 277.577 253.820 245.947 241.773 255.452 1.353 34.273 48.738 60.316 48.038 28.956 22.989 18.435 29.130 19.134 347.845 344.771 2.840 11.984 1.637 343.241 358.563 52.674 39.679 338.512 25.145 29.664 18.356 16.273 11.383 18.435 22.745 32.947 31.917 27.614 20.365 6.213 3.936 2.076 12.055 353.302 7.004 32.658 31.136 44.586 55.063 56.044
47.045 22.846 4.162 355.498 354.022 316.916 330.941 71.751 7.829 334.324 302.661 288.435 301.031 301.207 270.755 250.402 248.831 250.234 258.938 348.408 23.739 52.879 48.216 40.769 38.702 21.464 15.751 21.955 16.733 355.964 345.562 355.976 5.171 2.540 356.747 10.292 35.983 18.002 352.198 16.329 27.553 10.280 7.125 14.960 22.802 22.667 27.189 23.219 25.665 20.307 8.851 3.784 9.276 15.501 353.071 11.266 20.629 33.838 64.796 60.928 53.678
40.786 24.946 16.918 16.462 30.389 45.695 134.497 169.779 270.000 21.372 86.635 249.922 250.508 237.581 234.873 250.881 255.449 249.435 236.457 223.196 346.605 51.189 31.366 33.733 35.558 15.701 9.328 17.103 25.108 9.324 339.131 346.895 358.551 356.110 0.105 13.025 19.206 8.925 357.025 24.397 33.322 358.913 4.810 23.307 21.802 17.286 24.412 25.191 22.782 18.483 15.789 12.381 18.499 14.535 10.676 24.241 5.845 44.021 64.552 59.397 68.149
34.104 25.910 37.313 51.758 59.972 69.575 81.656 256.330 273.483 341.566 351.591 339.138 320.004 304.920 291.673 277.263 268.369 262.870 259.938 266.358 318.417 27.562 36.400 43.650 37.099 18.683 15.341 26.157 30.001 8.958 343.061 345.107 352.702 346.921 354.530 9.761 18.497 12.041 359.256 40.545 41.829 356.811 11.159 25.442 7.397 6.937 24.020 26.778 14.345 13.425 20.798 20.695 18.435 12.950 24.260 27.742 28.185 94.602 96.928 97.513 100.546
11.389 21.621 47.286 49.564 38.069 36.286 30.964 28.009 310.956 310.727 329.733 345.390 345.964 332.341 306.198 273.274 256.482 253.287 257.206 268.533 307.164 28.034 44.691 46.084 29.466 20.255 25.278 24.839 10.109 2.236 355.601 356.667 352.242 342.516 341.377 1.154 26.565 22.366 8.225 44.332 40.506 8.924 15.920 7.418 356.204 11.310 37.405 32.293 8.623 13.487 25.201 22.663 25.006 22.620 33.887 64.805 116.844 135.546 138.888 140.240 94.056
353.603 20.321 43.320 38.356 36.752 29.448 28.022 41.681 3.367 313.947 312.226 328.829 331.232 327.286 313.423 259.408 234.808 227.423 221.430 214.266 208.874 207.092 21.324 21.579 16.074 20.967 25.052 16.195 1.657 2.827 4.834 5.906 3.207 350.311 335.811 354.352 32.980 26.808 8.811 31.377 37.190 15.073 7.952 353.974 2.420 34.429 38.383 19.323 3.039 14.535 19.799 26.425 40.050 27.303 45.486 75.460 93.439 101.883 103.340 111.147 301.990
336.135 25.234 46.420 50.439 58.669 23.849 8.130 33.953 34.648 333.215 331.641 355.354 321.238 328.066 344.631 320.957 245.898 230.244 215.713 208.110 207.538 211.100 219.775 277.594 14.381 20.539 20.528 17.049 1.361 0.981 3.733 10.869 14.744 356.525 355.147 11.633 21.802 12.680 2.907 24.460 34.280 18.435 7.010 351.185 19.421 43.694 8.623 358.423 1.858 5.997 8.636 21.899 29.502 21.398 36.151 45.656 52.327 51.677 61.137 42.051 299.002
344.650 88.933 93.441 87.991 72.060 353.124 345.493 25.961 28.582 19.793 22.239 349.772 327.493 330.974 0.731 39.516 253.335 239.036 226.901 222.647 213.765 212.007 212.041 208.030 199.370 197.892 14.374 29.281 9.711 349.542 350.124 12.696 17.790 353.882 9.334 26.325 5.034 355.934 2.218 33.690 44.379 28.557 11.252 4.532 34.647 23.772 344.813 350.511 2.031 1.722 8.471 22.505 27.410 27.067 31.329 44.555 68.811 93.315 90.072 349.189 321.337
76.902 124.448 133.111 110.898 39.218 333.362 330.786 12.260 28.717 34.049 36.335 17.535 347.412 250.529 305.073 43.442 357.414 284.629 270.313 249.789 225.000 220.139 211.839 205.732 202.347 209.215 220.988 162.790 25.104 329.797 318.414 353.173 5.933 355.022 17.855 33.894 9.689 351.507 1.100 45.440 61.635 19.680 1.302 14.328 23.581 355.533 338.706 354.094 5.074 4.584 63.642 90.000 66.801 47.051 51.282 84.376 108.167 109.525 345.457 324.415 333.706
