selke/input/morph/aspect.asc
ncols                480
nrows                360
xllcorner     4422000.00
yllcorner     5716000.00
cellsize          100.00
NODATA_value       -9999
[rows 297 to 323 of 360, columns 122 to 182 of 480]
278.963 258.807 282.517 302.002 198.858 150.123 132.970 104.321 62.670 32.467 28.566 43.392 78.653 123.642 139.484 140.739 143.693 159.964 185.905 194.337 121.672 76.344 73.898 66.626 270.031 251.398 194.306 154.048 162.445 166.732 168.515 178.678 161.017 131.432 4.407 329.209 331.994 345.572 343.432 359.381 358.992 350.286 334.123 317.936 326.383 345.631 1.325 1.264 254.797 266.987 257.650 242.515 281.489 302.411 304.654 309.622 323.417 324.804 327.889 333.714 358.904
195.303 224.514 233.789 191.950 159.681 159.974 155.598 137.768 71.999 52.716 66.766 83.894 97.375 114.673 133.169 137.335 127.648 142.167 189.622 204.253 178.041 127.550 97.176 94.631 268.431 253.030 173.825 144.019 150.356 161.943 170.546 187.616 195.770 323.422 333.050 343.782 346.879 349.736 352.578 359.315 342.605 340.220 340.275 327.388 324.141 337.926 11.417 30.449 348.728 329.675 346.490 324.565 313.248 314.313 321.550 321.353 312.626 309.542 313.105 326.531 37.826
173.991 216.348 215.730 178.850 161.759 167.536 178.289 189.396 157.356 59.343 59.586 59.277 58.095 62.222 86.502 129.498 150.515 137.498 182.800 234.478 215.744 115.887 87.042 87.962 224.607 231.093 179.104 101.554 113.000 133.030 315.768 322.801 327.887 326.819 333.937 357.973 358.737 348.547 355.891 10.781 330.249 312.991 331.756 334.427 333.328 342.891 14.454 29.842 6.198 334.735 339.089 310.807 293.335 286.148 281.500 259.251 253.986 249.305 234.594 231.301 342.948
168.329 203.839 204.021 176.796 175.238 191.829 200.893 195.850 192.901 164.383 103.181 69.001 64.352 76.827 94.863 120.344 161.691 161.855 213.133 264.231 249.260 119.899 112.410 104.875 161.598 232.986 202.340 117.074 96.520 359.205 312.937 277.420 274.614 287.233 324.098 3.806 0.538 354.590 354.460 20.410 343.504 305.375 314.298 325.048 336.650 345.775 14.730 26.056 20.548 16.345 353.456 296.422 281.216 265.055 220.886 194.055 205.803 204.558 200.683 219.081 238.142
159.305 186.847 205.569 198.383 212.495 220.349 185.965 177.694 186.596 185.160 169.402 125.814 113.115 115.550 117.752 118.921 139.948 176.714 224.733 231.887 191.457 140.458 134.582 131.321 138.186 242.484 194.630 131.640 280.916 334.937 352.659 306.224 240.101 241.672 225.557 187.052 235.988 314.737 345.907 16.571 346.638 319.823 312.004 299.808 294.474 309.862 6.855 56.138 80.149 74.316 359.208 304.241 268.159 235.436 189.406 169.916 180.527 190.271 204.954 225.388 213.513
151.453 192.415 246.960 281.976 339.959 161.306 156.821 162.836 190.344 218.597 202.183 123.245 120.775 119.001 123.713 127.845 12.420 30.371 181.727 209.267 187.098 152.285 145.564 141.344 4.062 302.624 159.727 118.728 299.415 309.724 344.243 8.443 0.134 241.666 217.535 216.577 267.318 301.944 331.063 354.028 336.239 327.323 324.314 191.569 202.717 241.281 158.756 123.537 139.618 171.120 209.677 203.366 204.159 197.547 177.443 162.204 170.080 196.116 223.349 222.114 196.278
173.318 281.844 307.782 311.356 85.557 127.870 139.434 156.667 215.245 252.451 152.272 125.861 119.626 114.053 107.942 311.708 339.566 36.353 49.802 127.988 170.359 157.553 317.641 333.337 357.093 21.904 28.074 329.014 331.905 327.544 318.165 13.051 47.670 64.783 229.739 252.891 286.978 326.946 342.960 341.264 334.493 97.083 155.880 158.036 204.845 232.938 153.606 129.550 138.647 179.053 196.391 182.331 186.258 190.048 177.953 161.481 163.711 205.903 226.972 209.598 184.792
213.065 272.298 310.115 6.318 98.697 103.586 107.355 133.217 195.657 200.417 169.408 142.176 119.788 111.604 95.291 297.252 324.501 48.507 48.883 53.503 23.427 331.643 327.788 337.177 6.921 31.546 25.810 320.074 325.384 348.870 316.106 5.819 48.806 39.663 351.177 253.882 251.701 212.415 188.320 186.412 172.542 167.464 179.884 172.525 205.688 233.307 143.072 111.675 113.109 151.526 186.972 184.574 185.254 192.232 182.479 165.344 165.074 204.986 221.825 210.110 190.004
254.792 270.785 258.344 120.445 109.096 105.994 85.775 80.749 128.885 179.816 166.291 155.445 139.225 124.031 269.068 285.619 318.282 50.848 62.849 66.711 333.576 320.617 327.676 348.415 22.379 30.483 29.980 330.788 287.838 333.719 322.360 342.061 29.622 34.963 49.552 240.866 221.703 184.615 181.926 179.264 174.956 176.430 191.423 189.848 211.016 238.786 162.833 112.290 116.382 133.091 175.812 190.358 179.719 187.714 185.492 175.079 177.715 225.553 249.050 247.112 251.661
284.087 273.737 226.768 146.050 139.671 149.253 126.391 73.022 50.905 62.693 100.906 120.106 127.783 133.556 289.243 294.606 337.621 29.296 68.684 72.843 297.989 293.666 300.660 343.528 21.995 25.355 29.005 9.151 324.708 313.089 308.214 320.427 48.638 70.988 75.300 62.525 219.797 184.304 185.805 181.533 176.245 181.728 201.457 199.223 214.813 222.962 188.437 151.217 142.278 133.666 174.789 200.560 158.800 201.860 251.480 316.105 319.844 290.402 275.460 265.918 263.440
266.200 225.759 200.836 156.560 158.505 171.760 169.400 163.435 148.900 129.155 115.718 99.223 91.406 310.482 299.574 309.202 345.398 35.985 74.435 77.850 256.918 245.659 234.229 240.545 342.391 25.128 29.142 13.488 359.342 349.639 303.825 281.990 102.535 88.520 54.615 16.225 3.492 359.768 357.441 0.456 11.874 12.503 342.574 267.025 240.892 215.146 195.860 181.660 177.103 87.846 358.626 328.362 18.653 326.928 331.526 356.936 351.601 342.095 304.206 264.428 263.178
196.284 198.840 191.911 159.699 165.797 176.891 175.172 173.723 169.530 162.685 158.981 142.192 94.013 302.923 294.239 292.252 328.473 74.430 70.898 58.533 8.717 230.767 218.070 216.951 213.148 213.327 28.521 10.571 9.436 13.656 336.435 347.145 65.019 41.501 16.886 7.926 8.266 8.207 10.080 25.961 51.508 36.252 7.549 329.947 328.741 356.612 270.731 269.328 307.292 352.038 346.700 344.860 4.231 336.756 327.574 355.694 358.534 7.775 356.909 325.432 304.473
195.422 201.329 181.925 161.174 168.019 175.029 173.495 171.754 169.642 169.408 168.936 328.268 320.116 311.081 297.910 269.561 270.347 53.218 43.927 37.690 26.273 12.324 217.171 211.826 210.063 212.992 215.718 235.406 5.830 26.517 358.216 358.133 24.642 20.751 17.260 29.572 45.492 67.458 78.367 73.980 56.479 21.308 2.300 316.662 316.320 7.448 358.462 313.447 314.551 0.115 335.490 325.806 4.825 346.336 327.720 347.118 8.519 30.765 8.813 328.834 320.651
217.672 197.262 168.675 166.118 215.926 71.896 17.498 349.181 9.458 356.445 1.912 328.959 295.206 276.991 256.799 262.818 272.612 27.530 41.543 42.739 36.570 44.929 51.194 257.283 221.552 220.855 229.258 235.188 243.931 350.938 342.236 352.547 20.697 30.805 34.614 40.162 37.272 34.283 33.677 30.713 25.585 19.508 5.155 318.312 301.411 343.858 33.019 287.884 264.103 305.507 321.041 301.018 1.405 338.257 312.457 330.587 35.840 45.576 2.439 330.116 323.982
18.532 93.888 339.181 330.286 330.857 32.180 359.345 311.471 347.162 350.130 9.292 358.997 305.919 276.040 264.549 257.788 242.520 180.313 135.927 130.610 123.202 105.607 63.923 349.165 354.595 289.198 247.987 239.890 206.856 214.751 226.777 223.186 97.719 59.816 33.756 19.045 15.772 17.015 22.069 26.218 23.075 26.392 9.876 332.672 317.572 10.276 59.922 309.620 288.150 260.959 283.701 304.632 340.122 335.607 293.522 282.448 37.123 20.826 353.762 335.664 327.198
14.520 25.261 339.630 325.589 340.072 36.392 38.432 246.816 244.051 279.657 8.994 13.378 350.171 339.681 329.633 312.482 272.700 148.945 133.890 135.046 120.995 97.284 328.727 323.000 2.285 31.476 249.841 224.845 195.247 213.129 209.252 202.435 186.652 187.255 337.237 353.189 6.592 16.809 29.983 31.701 23.030 23.668 9.586 351.401 1.758 18.689 342.535 330.963 349.627 348.030 296.583 296.384 334.171 349.863 344.462 334.267 351.562 358.725 357.103 332.893 318.329
2.164 32.196 335.379 311.178 342.150 31.743 35.354 20.349 243.516 234.146 244.725 352.326 355.074 352.029 347.334 346.145 1.024 95.736 94.786 73.381 49.878 57.079 313.189 298.282 358.639 60.514 63.741 219.533 213.317 236.979 226.270 202.410 201.870 235.707 278.328 316.227 1.377 29.195 44.452 34.471 27.648 25.993 10.230 9.275 29.802 352.628 333.780 333.547 347.548 8.132 346.860 311.703 314.240 340.960 356.444 353.827 346.366 359.055 32.865 -9999.000 -9999.000
10.699 52.170 321.827 297.606 334.557 25.696 35.101 31.051 37.938 259.699 260.882 292.299 354.475 11.130 13.158 20.175 58.572 66.154 41.341 24.049 33.050 55.957 312.609 288.090 32.303 64.562 47.033 29.509 266.201 249.423 212.684 197.723 232.445 256.497 250.463 243.736 223.695 60.205 53.930 42.938 40.438 35.046 20.836 32.115 20.845 340.452 333.036 335.174 344.292 12.778 11.598 339.293 320.955 334.584 7.330 11.183 3.367 -9999.000 -9999.000 -9999.000 -9999.000
45.698 60.598 305.738 288.675 311.488 17.573 46.297 61.814 75.876 273.349 260.504 258.573 297.676 56.873 82.633 108.936 122.841 42.169 19.842 35.726 62.223 69.102 292.047 262.547 155.858 79.228 47.332 40.694 347.297 250.878 194.518 215.136 243.999 244.884 247.891 261.811 281.004 51.717 70.647 67.027 56.828 48.296 52.750 26.370 346.854 346.875 340.738 328.660 344.977 21.289 21.048 349.345 323.354 337.238 63.397 59.036 -9999.000 -9999.000 -9999.000 -9999.000 -9999.000
57.544 41.992 314.015 301.224 317.662 7.496 56.462 71.991 67.353 30.210 238.801 223.592 201.042 169.019 166.837 166.460 186.243 257.226 52.528 99.035 103.110 77.205 298.658 253.576 201.600 124.780 80.032 62.675 37.535 343.325 298.325 250.201 240.696 242.000 255.519 253.966 220.844 167.896 129.358 87.722 72.640 72.771 65.215 337.911 320.584 355.850 351.827 329.378 357.431 35.774 44.697 17.020 224.233 -9999.000 -9999.000 -9999.000 -9999.000 -9999.000 -9999.000 -9999.000 -9999.000
49.928 23.472 328.150 316.617 329.258 7.427 46.696 48.140 35.021 35.901 48.939 224.855 214.119 195.187 203.477 308.859 322.745 323.265 30.876 68.815 59.933 13.602 356.117 319.705 280.194 83.897 104.017 106.790 102.435 328.560 346.596 339.457 299.342 281.381 250.152 215.913 194.734 190.512 191.859 157.800 65.106 46.526 17.995 329.523 308.062 343.193 356.069 356.088 42.176 -9999.000 -9999.000 -9999.000 -9999.000 -9999.000 -9999.000 -9999.000 -9999.000 -9999.000 -9999.000 -9999.000 -9999.000
28.866 15.931 338.460 327.512 335.423 12.132 41.758 40.809 43.738 67.206 59.476 317.345 307.854 326.429 344.135 351.481 356.481 5.987 18.333 29.204 22.130 356.657 5.177 9.299 348.408 78.547 103.323 87.017 36.027 312.373 323.507 351.684 312.365 307.990 318.444 325.724 7.379 222.115 231.868 248.665 347.982 8.787 352.124 336.545 321.420 305.243 340.640 -9999.000 -9999.000 -9999.000 -9999.000 -9999.000 -9999.000 -9999.000 -9999.000 -9999.000 -9999.000 -9999.000 -9999.000 -9999.000 -9999.000
15.504 12.388 342.788 331.571 338.420 42.511 72.534 90.910 113.095 112.661 357.526 325.216 330.840 334.297 345.611 357.414 6.489 15.889 17.933 19.257 17.945 5.563 7.450 19.839 16.990 40.601 45.297 13.580 14.543 316.366 296.362 337.402 316.216 286.143 305.709 351.672 24.671 358.449 316.078 301.044 317.088 337.653 341.842 348.090 353.003 351.115 -9999.000 -9999.000 -9999.000 -9999.000 -9999.000 -9999.000 -9999.000 -9999.000 -9999.000 -9999.000 -9999.000 -9999.000 -9999.000 -9999.000 -9999.000
11.920 11.151 342.611 322.194 115.796 120.744 121.234 120.504 121.662 50.324 317.328 315.009 324.961 331.595 342.224 0.306 13.581 20.441 16.803 16.853 16.057 8.605 10.020 19.029 17.159 29.113 27.925 11.305 22.226 339.634 299.422 316.914 351.055 291.422 246.823 207.371 73.333 359.515 343.280 327.223 315.413 319.066 336.524 354.704 18.154 -9999.000 -9999.000 -9999.000 -9999.000 -9999.000 -9999.000 -9999.000 -9999.000 -9999.000 -9999.000 -9999.000 -9999.000 -9999.000 -9999.000 -9999.000 -9999.000
104.779 111.423 169.964 162.794 146.398 148.714 151.342 107.503 57.939 324.341 291.450 273.259 272.530 287.862 284.271 168.096 92.905 37.651 19.641 20.302 17.063 9.733 14.378 20.178 14.790 29.715 34.909 13.747 10.762 352.558 326.271 315.209 357.712 344.078 294.667 289.130 314.006 336.979 349.427 343.516 327.401 316.947 324.448 8.734 -9999.000 -9999.000 -9999.000 -9999.000 -9999.000 -9999.000 -9999.000 -9999.000 -9999.000 -9999.000 -9999.000 -9999.000 -9999.000 -9999.000 -9999.000 -9999.000 -9999.000
152.729 164.151 155.162 144.094 131.031 142.110 262.210 8.134 10.451 348.599 303.582 240.617 222.659 203.199 186.335 191.029 189.501 182.510 183.105 169.360 8.684 8.028 17.429 17.381 6.424 29.027 30.321 3.460 2.038 356.686 346.483 345.545 10.301 346.253 328.919 334.975 332.465 333.445 346.813 348.042 336.951 328.942 328.269 -9999.000 -9999.000 -9999.000 -9999.000 -9999.000 -9999.000 -9999.000 -9999.000 -9999.000 -9999.000 -9999.000 -9999.000 -9999.000 -9999.000 -9999.000 -9999.000 -9999.000 -9999.000
79.281 125.762 139.011 123.251 97.456 23.426 305.835 345.165 6.595 4.928 9.642 340.703 228.197 201.844 194.794 205.188 195.438 189.189 195.654 212.384 245.147 308.668 353.450 357.569 347.713 25.466 21.394 3.131 5.267 2.054 358.081 6.790 18.882 346.577 331.682 344.633 331.525 329.380 343.348 350.538 335.006 333.370 -9999.000 -9999.000 -9999.000 -9999.000 -9999.000 -9999.000 -9999.000 -9999.000 -9999.000 -9999.000 -9999.000 -9999.000 -9999.000 -9999.000 -9999.000 -9999.000 -9999.000 -9999.000 -9999.000
