selke/input/morph/dem.asc
ncols                480
nrows                360
xllcorner     4422000.00
yllcorner     5716000.00
cellsize          100.00
NODATA_value       -9999
[rows 270 to 296 of 360, columns 122 to 182 of 480]
400.130 399.660 394.370 389.690 389.240 388.400 387.880 384.240 381.880 393.390 422.510 427.210 420.740 410.320 398.900 404.020 413.980 431.050 434.610 435.170 435.020 434.490 432.310 429.320 426.480 425.220 422.270 423.270 423.730 422.370 419.350 416.100 412.290 408.010 403.880 400.790 398.700 397.080 394.740 393.750 392.460 388.770 385.920 384.480 380.410 375.070 367.640 336.640 322.080 344.370 335.720 322.080 322.080 322.080 322.080 354.600 398.850 410.000 406.030 402.770 400.560
409.580 408.740 398.170 397.060 395.050 391.700 389.780 382.150 381.370 381.770 404.710 405.560 405.610 398.860 413.180 421.690 426.510 430.890 432.080 434.060 431.710 430.270 429.140 426.160 422.940 421.630 425.370 426.740 427.490 425.820 420.090 414.430 409.880 403.800 398.740 396.750 395.260 393.910 392.800 392.230 391.960 390.110 386.500 383.910 379.330 373.950 368.460 348.860 322.080 329.620 367.430 326.610 326.160 348.570 362.150 371.930 402.060 411.730 408.480 406.560 404.060
415.390 412.860 407.560 406.010 404.880 401.430 398.310 394.910 386.350 378.140 378.910 383.620 385.940 382.230 397.480 406.230 414.590 418.350 426.350 433.310 429.300 426.830 422.770 419.230 418.080 421.760 424.520 427.990 427.660 423.940 418.000 410.970 403.860 398.500 392.810 391.020 390.040 389.740 389.320 388.080 387.080 386.630 386.460 381.980 376.010 368.070 361.340 343.320 324.180 327.790 369.050 373.030 360.820 375.580 392.840 400.710 408.400 408.690 409.840 408.580 406.400
411.860 408.880 408.340 406.120 401.500 397.950 394.180 389.460 383.960 379.120 377.350 375.780 377.650 387.120 393.190 397.230 413.910 426.200 428.850 428.200 426.480 426.480 421.090 420.310 416.240 408.880 424.730 427.460 425.190 419.670 413.810 405.370 397.920 391.680 387.660 385.420 383.990 383.590 382.560 380.200 380.850 385.040 387.180 382.480 378.390 371.000 363.430 354.890 324.180 324.180 337.170 372.190 382.450 382.500 377.530 396.240 403.320 406.100 407.020 407.320 406.220
406.910 402.330 406.200 400.150 396.030 392.840 388.270 384.830 382.350 379.900 377.240 374.260 373.640 373.070 382.530 395.810 408.130 419.350 424.650 424.360 422.860 421.260 420.330 418.590 411.630 407.610 427.230 424.430 419.870 409.200 395.040 389.850 384.620 381.950 381.350 375.490 375.440 377.290 373.310 379.010 387.670 389.770 388.700 384.560 379.860 368.060 338.680 324.180 324.180 358.380 368.820 365.970 381.380 388.920 394.540 398.460 401.650 403.850 405.220 404.940 404.510
402.920 402.490 398.060 393.390 389.860 388.560 386.930 388.020 386.760 388.120 388.390 383.270 372.340 371.950 372.530 386.810 401.030 411.090 415.170 415.670 416.300 418.050 419.230 417.420 413.070 407.610 410.720 416.530 420.410 412.280 402.220 393.930 387.120 383.240 380.610 373.950 369.610 362.800 363.760 382.720 390.140 391.830 391.670 390.500 381.580 371.010 345.570 324.180 324.180 330.790 357.050 371.110 376.380 377.350 388.400 392.540 395.810 401.440 404.120 404.630 404.420
409.560 407.550 400.880 400.380 398.440 398.360 397.880 398.740 398.530 396.890 394.910 389.850 380.760 371.930 369.750 377.640 397.450 398.470 398.320 406.730 406.650 413.130 417.280 414.160 410.400 404.870 395.990 406.950 417.210 417.400 408.570 400.430 396.370 393.670 389.610 384.600 381.860 372.010 361.380 362.830 382.450 387.910 390.790 388.690 376.380 357.620 335.960 324.180 324.180 362.630 355.580 366.640 374.690 384.720 390.480 393.640 398.120 403.280 405.520 405.170 404.660
408.570 407.550 407.900 407.240 405.870 404.270 403.880 403.300 402.440 400.870 398.090 393.790 386.680 381.080 367.370 367.280 375.780 382.580 388.150 395.160 405.600 413.880 416.480 412.540 410.790 407.850 398.690 392.240 393.030 403.790 409.510 407.340 403.720 400.600 398.630 392.260 389.060 381.950 372.790 361.020 355.530 383.190 390.070 380.680 361.400 324.180 324.180 324.180 373.210 386.740 382.540 362.650 376.130 385.730 391.340 395.310 400.280 403.920 405.720 405.130 404.870
404.950 405.180 407.770 408.100 406.160 404.340 403.620 402.740 401.450 399.330 396.320 393.630 390.440 382.280 375.580 367.280 367.720 373.500 378.580 394.660 404.910 413.020 415.830 412.500 409.790 405.860 403.900 399.830 392.240 378.280 378.210 386.520 400.080 404.720 401.580 397.010 391.570 384.710 378.260 374.980 356.170 351.330 372.040 367.780 341.640 324.180 324.180 356.110 391.170 382.510 376.340 377.590 376.350 377.000 377.580 384.250 386.430 397.880 401.690 404.230 404.700
401.970 401.390 404.760 403.820 402.720 401.140 399.870 398.640 397.160 394.820 391.850 387.870 386.870 384.200 379.160 368.090 366.360 372.120 393.210 411.740 416.320 416.190 414.230 410.320 405.600 401.400 401.170 397.530 393.250 388.500 381.530 369.750 366.630 375.630 388.890 392.780 387.070 380.410 377.800 375.280 370.240 350.240 332.740 330.440 324.180 324.180 375.690 368.720 353.200 350.280 344.490 367.180 365.850 356.210 382.510 390.300 397.690 397.730 400.500 403.200 403.570
394.880 393.840 400.530 397.990 396.390 394.460 393.050 392.370 391.290 388.050 383.880 380.800 380.700 380.860 378.830 368.840 364.770 371.510 411.440 417.840 419.900 419.000 412.050 407.020 401.600 397.450 397.510 393.550 389.240 384.030 374.090 379.040 381.910 358.350 354.290 354.290 348.860 344.550 344.550 359.610 364.390 363.050 357.640 344.440 324.180 324.180 348.950 328.880 344.490 344.490 344.490 344.490 345.400 377.850 394.770 395.010 393.910 392.860 399.080 401.620 402.450
388.630 386.000 392.560 390.510 388.090 386.240 385.010 383.440 384.000 380.080 376.190 374.280 375.430 375.540 375.170 371.640 364.210 375.620 414.090 422.460 422.050 415.900 406.820 402.370 400.200 396.090 394.390 389.100 382.530 378.750 383.470 386.220 388.190 384.210 375.650 367.930 362.550 360.280 351.710 339.560 328.460 330.870 329.830 324.180 324.180 327.810 324.180 341.610 351.670 366.340 360.440 356.600 363.820 371.180 367.680 377.100 377.100 389.700 396.230 398.020 398.100
384.120 383.450 384.040 382.440 380.880 376.940 374.670 373.620 372.230 370.420 370.420 370.420 370.480 372.260 369.230 370.230 364.210 382.960 410.600 416.610 414.480 406.970 399.900 397.530 397.610 397.220 392.910 392.240 391.170 393.200 392.590 394.210 393.760 393.770 392.390 386.950 378.320 377.020 370.500 363.860 340.060 324.180 324.180 324.180 352.530 364.330 363.820 362.600 365.250 372.740 375.710 370.570 356.600 356.600 356.600 377.850 391.270 393.710 389.610 385.200 389.770
388.030 388.630 382.580 382.290 380.790 382.600 382.610 383.270 383.780 382.290 379.260 375.700 370.420 364.560 363.720 364.950 364.210 398.640 409.450 408.870 403.880 398.800 395.600 394.570 394.600 397.220 397.080 400.500 401.720 401.740 401.680 400.600 399.760 398.910 394.830 388.020 380.850 373.290 356.720 324.620 324.180 324.360 343.780 365.930 372.500 372.450 372.930 372.590 372.240 380.630 384.760 380.610 383.970 378.820 359.530 377.000 397.140 387.520 381.240 379.470 379.490
393.680 395.260 388.280 388.820 390.990 391.780 392.600 392.830 393.120 392.010 389.510 386.740 382.310 375.940 367.020 362.250 375.480 404.690 405.400 401.390 396.970 393.750 390.810 389.310 391.120 398.580 400.780 404.040 406.680 406.580 406.580 405.560 404.090 400.990 393.970 385.290 375.490 365.400 349.670 324.180 324.180 333.130 352.770 364.610 378.040 382.870 383.480 383.520 385.300 388.180 393.010 388.400 387.670 374.450 360.080 383.380 379.330 378.160 379.470 379.470 379.470
400.900 402.840 396.000 396.950 398.000 398.820 398.420 397.110 396.230 395.150 392.260 389.580 383.690 373.360 365.490 359.820 384.600 402.800 401.580 396.900 391.720 387.090 385.990 383.680 393.230 400.610 403.390 406.880 408.130 408.680 408.790 408.080 403.510 397.950 388.520 376.430 362.250 346.750 329.820 324.180 336.740 356.920 361.360 370.540 374.390 381.710 391.680 394.490 394.040 398.960 403.780 394.740 395.410 383.010 364.790 369.720 372.790 377.010 380.520 385.010 382.740
409.620 411.100 403.690 403.940 403.780 402.680 400.860 398.360 396.250 395.190 391.930 389.580 384.140 373.360 366.560 359.000 396.370 400.340 397.420 392.590 389.640 385.620 382.210 383.740 392.250 399.320 406.550 407.350 407.540 408.370 408.140 402.860 397.060 391.780 383.730 372.660 375.140 366.760 329.360 325.560 357.340 379.060 383.300 386.940 388.810 391.600 395.510 398.830 405.030 413.640 409.950 403.980 402.450 396.310 387.680 382.340 378.730 389.990 390.900 387.280 386.740
417.460 417.100 410.150 408.430 405.920 401.740 398.710 395.070 393.470 390.900 387.360 378.780 370.940 366.380 362.080 357.950 371.680 389.840 392.170 391.040 388.480 385.810 380.710 378.880 387.870 397.310 405.820 404.880 403.430 400.540 397.960 391.650 387.200 388.150 383.880 380.240 372.750 361.140 325.640 328.740 335.810 355.660 378.640 396.420 398.630 397.670 393.480 389.270 404.410 409.060 408.980 407.560 408.560 402.740 399.500 395.150 384.130 397.600 394.710 388.370 392.010
423.990 421.140 414.670 410.220 404.800 397.900 392.920 389.790 385.150 382.900 382.900 387.610 385.480 382.390 373.960 361.270 356.420 367.000 382.280 385.650 383.730 379.490 375.000 376.470 388.600 396.020 401.240 401.430 399.050 391.160 384.280 378.260 372.850 382.200 382.930 381.230 364.040 346.270 325.840 346.910 364.640 350.210 360.460 370.610 379.460 379.460 387.650 397.370 395.440 403.510 403.850 406.900 406.960 405.170 401.010 396.450 394.940 396.940 397.160 401.310 397.940
422.940 418.850 416.090 410.180 401.590 393.850 387.550 385.150 387.030 390.340 391.320 391.530 390.330 385.230 379.660 372.170 359.180 354.830 364.680 375.210 370.520 370.550 367.490 382.170 389.510 393.690 398.760 400.210 392.950 383.800 374.540 364.770 354.220 343.760 364.940 351.000 351.300 336.670 331.540 353.730 372.460 386.070 378.280 387.020 385.500 394.710 403.580 404.090 400.930 400.940 402.620 405.670 406.520 405.570 403.340 401.190 399.060 402.690 402.890 403.650 401.940
417.770 412.430 413.490 405.930 397.120 390.820 392.650 397.030 398.410 398.430 398.640 397.390 394.030 388.590 380.720 374.860 370.720 357.770 351.460 357.020 357.850 364.830 375.900 385.960 392.010 395.820 397.560 398.690 392.670 385.040 378.770 376.270 362.620 339.510 337.460 334.760 334.550 332.120 340.860 368.500 359.250 391.730 406.470 409.090 409.120 408.780 405.780 405.890 405.100 405.150 407.720 405.730 407.470 409.150 408.070 404.660 405.500 407.080 407.340 406.690 405.880
417.260 413.680 405.580 400.850 401.070 397.850 403.530 405.800 406.120 406.040 405.210 402.270 397.770 392.900 386.760 378.740 369.650 363.820 355.900 351.350 371.380 384.690 390.060 393.710 395.500 396.390 397.310 396.840 394.280 386.600 379.390 361.870 345.580 338.360 334.760 344.490 354.380 368.000 394.470 401.760 385.470 384.800 402.920 405.820 407.670 407.610 407.250 407.400 407.360 409.640 407.720 408.430 410.330 414.670 414.860 411.560 412.720 413.630 412.720 411.160 409.210
420.340 418.620 411.420 410.250 406.990 408.470 411.760 415.010 416.050 414.980 410.800 405.030 399.430 393.200 387.310 379.350 374.160 366.420 357.630 354.030 351.350 382.010 396.670 399.020 395.780 396.600 397.720 396.760 390.630 388.190 384.690 372.580 346.450 338.360 334.760 362.280 382.240 390.040 400.780 404.450 402.370 399.040 400.790 403.620 405.500 404.990 405.030 406.740 409.820 412.840 413.190 413.990 414.850 417.490 418.670 419.940 421.140 419.260 416.970 414.250 410.880
420.150 420.540 416.600 415.220 412.840 417.870 421.320 424.250 422.760 417.800 410.440 400.610 393.030 385.380 380.700 373.960 366.790 370.330 375.470 368.000 350.060 352.500 380.970 385.070 393.450 394.950 398.260 398.480 398.160 395.280 386.430 366.500 349.510 340.650 334.760 361.840 388.020 389.260 392.980 397.510 405.150 406.280 404.240 401.100 398.580 397.690 399.140 407.520 410.610 414.170 415.730 418.420 420.520 421.880 422.220 422.320 422.850 421.850 420.050 415.450 412.560
417.930 420.910 420.040 420.910 420.540 424.450 426.710 426.840 424.280 418.340 412.260 402.640 395.800 385.280 374.620 379.990 380.460 384.350 384.220 380.620 369.890 347.640 349.750 377.670 374.160 392.820 397.420 401.340 402.840 398.260 391.640 380.750 361.120 346.200 339.850 347.850 361.860 364.070 369.010 382.460 398.520 402.200 393.750 390.800 389.690 387.920 401.520 406.510 411.660 417.650 417.640 422.330 425.730 424.940 423.340 422.500 423.000 422.830 420.400 419.160 418.210
416.590 420.420 423.780 426.360 427.560 428.870 429.540 427.880 423.500 416.560 409.170 397.320 385.650 387.510 392.770 392.810 391.180 390.760 388.560 385.570 379.100 362.320 347.060 357.250 389.930 392.500 398.900 403.660 402.670 398.850 396.580 393.190 381.350 364.110 341.780 339.850 344.700 345.310 348.290 364.790 376.430 383.560 376.190 374.680 375.200 387.210 392.920 409.980 418.940 416.690 420.040 421.190 422.180 420.310 419.720 422.550 424.150 424.140 424.140 424.650 426.200
419.590 425.310 424.530 429.140 430.140 431.630 431.190 425.180 415.450 408.560 404.310 402.180 399.110 399.850 398.940 396.980 393.490 390.020 387.820 385.740 383.820 376.290 357.480 347.060 357.700 396.080 404.330 403.550 398.000 395.880 391.520 392.910 383.110 368.890 340.830 339.850 350.890 358.480 362.760 358.080 358.080 358.080 361.470 372.680 383.370 385.280 385.280 394.800 411.810 404.460 412.610 413.620 414.130 414.420 418.530 423.290 424.920 425.580 426.850 428.230 430.310
