selke/input/morph/dem.asc
ncols                480
nrows                360
xllcorner     4422000.00
yllcorner     5716000.00
cellsize          100.00
NODATA_value       -9999
[rows 81 to 107 of 360, columns 366 to 426 of 480]
112.740 112.740 112.740 112.740 115.810 118.470 119.350 121.640 122.510 123.410 122.480 121.600 123.280 124.490 126.440 129.540 131.240 131.360 131.520 134.010 137.620 140.580 142.550 146.430 147.940 148.900 149.180 149.100 149.690 150.080 149.400 149.550 149.120 146.750 145.590 147.710 147.580 147.500 147.160 147.060 147.310 146.890 147.380 147.830 147.860 148.320 148.380 148.330 148.010 146.940 144.370 146.070 145.840 147.490 146.960 147.180 146.600 145.920 145.200 144.760 144.240
112.740 112.740 112.740 112.740 112.740 113.630 116.460 119.350 120.510 121.530 120.300 120.100 121.360 123.420 126.260 127.270 128.230 129.380 133.630 136.730 139.690 141.850 144.830 146.320 147.760 148.680 149.390 148.630 147.670 147.670 146.980 147.480 147.390 145.710 142.780 144.370 144.680 146.100 145.300 145.210 145.500 145.590 145.990 146.510 146.650 147.290 147.440 147.200 146.950 146.190 144.030 143.620 144.640 145.960 146.540 146.330 145.590 144.810 144.550 144.190 143.160
112.740 112.740 112.740 112.740 112.740 112.740 112.820 116.170 118.070 119.200 119.280 118.320 119.190 120.840 122.820 125.700 129.600 131.990 132.620 133.750 138.060 141.100 142.390 143.880 144.690 146.070 147.680 148.100 147.190 146.180 144.640 144.550 143.500 141.720 141.160 142.470 144.160 143.510 143.380 143.440 143.860 144.460 145.240 145.560 145.970 146.360 145.950 145.570 144.710 143.620 141.320 143.050 143.810 145.140 144.290 144.570 143.880 143.650 143.160 142.540 141.880
112.740 112.740 112.740 112.740 112.740 112.740 112.740 112.740 115.020 117.030 118.710 117.390 118.850 120.930 122.430 126.400 130.650 131.700 133.840 135.910 139.140 139.820 139.690 139.790 141.270 143.060 144.120 144.780 146.430 145.690 144.570 142.700 141.130 141.060 140.730 139.050 141.350 140.880 141.670 142.520 143.080 143.070 143.620 144.430 145.190 144.610 143.930 143.490 142.980 140.810 140.680 141.870 142.380 143.620 143.410 143.280 142.660 142.670 142.120 142.110 141.410
112.740 112.740 112.740 112.740 112.740 112.740 112.740 112.740 112.740 113.960 116.080 116.900 117.730 120.250 122.180 126.590 130.750 134.080 136.070 137.250 138.930 138.760 138.100 137.570 138.470 139.840 141.010 140.990 144.390 144.020 142.180 141.210 140.470 140.500 140.740 137.870 137.220 138.480 139.740 141.300 141.900 141.740 142.410 143.300 143.560 143.140 141.940 141.410 140.200 138.260 140.290 141.120 140.880 142.130 141.900 142.030 141.380 141.480 141.110 141.420 141.120
112.740 112.740 112.740 112.740 112.740 112.740 112.740 112.740 112.740 113.090 114.450 115.680 116.620 118.360 121.740 124.560 127.840 131.280 134.470 136.220 138.240 136.740 135.620 135.130 136.140 137.680 138.550 137.520 140.190 140.450 139.800 139.820 139.040 138.450 138.740 136.570 135.560 136.560 138.410 140.120 140.540 140.600 141.130 141.420 141.620 141.150 140.350 138.780 136.160 138.730 139.750 139.460 139.330 140.440 140.620 140.630 140.090 140.090 140.040 140.150 139.320
112.740 112.740 112.740 112.740 112.740 112.740 112.740 112.740 113.010 112.740 113.560 114.000 115.430 117.220 120.070 123.160 125.580 129.000 132.650 134.440 137.500 135.720 134.830 134.590 134.910 136.630 136.800 135.790 136.860 136.810 136.600 137.230 136.960 136.490 136.270 135.380 134.790 134.950 136.200 138.460 139.320 139.800 140.020 140.280 139.720 138.910 136.060 135.030 138.410 138.800 139.070 138.800 137.920 138.710 138.860 139.100 138.180 137.300 135.840 135.840 136.840
112.740 112.740 112.740 112.740 112.740 112.740 112.740 112.740 112.740 112.740 113.090 113.650 114.670 116.260 118.930 121.750 124.780 128.320 132.360 135.010 136.260 134.860 133.460 132.700 133.630 135.070 135.030 134.300 134.660 134.220 134.190 133.420 134.500 133.700 133.020 134.520 133.410 132.990 134.420 136.530 137.820 138.410 138.380 138.010 136.560 133.100 135.030 136.900 137.390 136.490 135.590 135.950 135.510 136.330 134.400 135.840 135.840 135.840 137.470 138.250 136.310
112.740 112.740 112.740 112.740 112.740 112.740 112.740 113.780 112.740 112.740 112.740 113.410 114.220 115.970 118.330 121.320 124.630 130.170 131.760 134.170 135.600 135.370 133.560 131.840 131.760 132.700 133.240 132.870 133.050 132.240 131.900 130.690 131.310 131.120 130.970 132.250 131.980 131.860 132.890 133.750 134.670 135.030 136.040 135.320 134.000 130.950 133.380 132.910 131.880 131.880 131.880 131.880 135.510 132.510 134.680 137.650 137.550 137.010 137.950 138.820 138.370
112.740 112.740 112.740 112.740 112.740 112.740 113.810 115.030 112.740 112.740 112.740 113.300 115.520 117.550 119.250 121.220 123.930 126.790 130.120 132.210 136.290 137.600 134.630 132.520 130.980 131.980 132.250 131.280 132.490 131.010 130.470 129.170 128.720 128.120 129.610 130.430 131.210 131.990 132.440 131.710 131.930 131.140 131.390 131.130 131.570 129.920 130.040 130.840 133.820 135.820 137.190 137.810 132.510 134.230 136.870 137.850 138.840 139.170 139.890 139.560 138.360
112.740 112.740 112.740 112.740 112.740 112.740 114.280 115.710 116.280 112.740 112.740 113.550 116.340 118.960 122.440 124.280 126.410 128.210 130.230 133.210 134.150 137.100 135.780 133.020 131.070 129.740 129.630 129.500 130.670 129.580 128.940 128.050 127.200 127.700 129.320 130.500 131.920 131.590 130.830 130.290 129.130 127.490 127.840 127.840 128.950 130.890 132.880 134.270 135.140 135.850 136.930 138.010 139.050 139.690 140.510 141.200 141.420 140.710 140.460 140.170 140.150
112.740 112.740 112.740 112.740 112.740 112.740 113.950 115.970 113.320 112.740 112.740 113.010 115.540 118.720 121.080 123.510 125.990 127.510 130.640 133.090 134.920 136.330 135.760 133.620 132.200 130.490 128.830 128.050 128.370 127.330 127.520 126.420 126.280 127.200 129.440 130.310 130.310 130.130 129.560 129.530 129.490 127.080 128.920 131.080 132.230 133.220 134.110 135.670 136.700 137.990 138.960 139.690 139.000 139.670 140.160 141.310 141.740 142.300 142.780 142.890 142.380
112.740 112.740 112.740 112.740 112.740 112.740 114.620 116.370 112.740 112.740 112.740 112.740 114.440 117.020 120.700 123.590 125.360 127.200 129.590 131.690 133.290 135.900 137.410 133.950 132.200 130.850 129.860 129.260 127.130 126.570 126.270 126.080 125.630 127.060 129.000 129.560 128.940 129.440 129.920 130.350 128.530 125.990 128.430 131.560 133.180 134.900 135.570 136.270 136.730 136.510 136.570 136.510 140.160 140.790 141.070 141.220 141.680 140.680 140.040 139.960 139.840
112.740 112.740 112.740 112.740 112.740 112.740 115.990 114.260 112.740 112.740 112.740 112.740 114.010 117.920 121.540 123.610 124.910 126.330 128.400 130.400 131.430 134.640 137.310 135.960 132.850 131.380 130.170 129.490 127.410 128.250 127.110 125.180 126.960 128.230 127.260 126.650 126.310 126.590 127.540 125.600 124.940 125.500 126.160 126.700 128.430 128.430 128.430 128.690 129.030 129.680 130.360 131.070 137.280 136.570 135.830 135.170 136.780 136.330 136.330 136.330 137.050
112.740 112.740 112.740 112.740 112.740 112.740 118.000 118.450 117.460 115.540 112.840 112.740 112.740 116.380 120.160 122.440 123.540 125.100 126.400 128.400 130.510 133.140 135.560 134.510 131.350 130.170 128.280 127.210 128.670 128.180 127.140 125.070 123.980 123.250 122.740 122.450 122.960 123.600 123.600 124.350 125.020 126.140 126.400 127.590 128.800 131.600 131.960 131.540 132.280 132.510 132.990 133.000 132.430 132.790 134.530 135.060 136.330 137.440 137.310 136.940 137.460
112.740 112.740 112.740 112.740 112.740 112.740 120.790 122.550 122.320 120.860 117.380 113.960 112.810 113.340 116.700 119.950 120.440 122.320 124.090 127.210 129.880 131.090 133.690 131.790 128.820 126.760 125.960 126.000 127.080 126.830 124.570 122.610 121.840 121.870 121.890 123.040 123.490 123.830 125.120 126.110 127.810 128.620 129.850 131.420 131.870 134.580 135.350 136.380 136.650 136.760 137.150 136.690 136.930 137.070 138.010 137.860 138.130 138.120 138.000 137.360 138.200
112.740 112.740 112.740 112.740 112.740 112.740 112.740 121.470 122.870 123.600 121.870 117.210 114.700 113.390 114.070 115.760 117.280 119.010 120.510 122.910 126.980 129.900 130.520 128.370 126.120 124.170 122.880 125.760 127.200 124.970 123.100 121.350 121.180 121.180 122.610 124.940 126.290 127.300 128.960 130.250 131.250 132.070 133.000 134.060 135.480 136.130 137.060 138.080 139.150 139.560 139.540 139.120 137.350 138.300 139.020 139.120 138.870 139.120 138.810 139.320 139.620
112.740 112.740 112.740 112.740 112.740 112.740 112.740 112.740 122.950 123.620 123.630 120.100 116.830 114.230 113.610 114.080 115.250 115.560 116.380 120.830 124.960 127.480 126.730 124.860 123.120 121.200 119.980 119.690 125.890 122.790 121.670 120.660 121.680 123.540 125.250 126.380 127.720 128.420 130.680 132.310 132.990 134.380 134.490 136.070 137.130 137.550 138.580 139.410 140.150 140.200 140.240 140.420 139.360 139.460 139.300 139.200 139.200 140.130 140.280 141.510 142.310
112.740 112.740 112.740 112.740 112.740 112.740 112.740 112.740 122.920 123.740 123.760 121.950 118.840 115.670 114.260 114.180 114.180 115.540 116.200 116.200 118.070 121.950 124.380 122.110 120.370 118.800 118.610 119.300 120.160 120.280 120.560 121.280 123.710 126.260 127.360 129.040 129.940 131.040 131.800 133.130 134.340 135.340 136.640 137.790 138.260 139.100 139.930 140.660 140.900 140.000 140.140 140.240 139.750 140.170 140.240 140.460 140.620 141.750 142.340 143.800 144.690
112.740 112.740 112.740 112.740 112.740 112.740 112.740 112.740 115.770 120.500 122.750 123.650 121.090 119.010 116.490 115.960 115.780 118.300 120.910 119.680 117.010 117.010 118.090 119.550 118.700 118.580 118.580 118.980 119.770 120.470 121.250 122.040 122.840 123.900 125.620 127.730 129.180 130.300 132.380 133.190 134.030 135.630 137.320 138.810 140.520 140.720 140.100 141.010 141.150 140.170 139.960 140.420 140.090 140.920 141.650 142.790 143.100 143.580 144.620 146.420 147.000
112.740 112.740 113.190 115.550 112.770 112.740 112.740 112.740 112.740 114.770 117.580 121.350 123.300 123.270 121.270 121.050 120.120 120.900 121.820 121.310 120.320 119.990 119.380 118.300 118.580 119.240 119.860 120.720 120.130 120.790 121.230 122.260 123.060 124.670 126.300 128.590 130.310 131.010 132.410 133.270 134.170 134.740 135.440 135.670 136.340 136.810 138.320 139.530 140.310 139.070 138.970 139.710 140.140 141.260 142.200 143.400 145.210 145.910 146.810 148.480 149.540
112.740 118.740 117.290 115.850 113.340 112.740 112.740 112.740 112.740 112.740 113.660 117.780 120.340 122.360 124.420 124.230 124.180 123.350 123.520 122.510 122.270 122.280 121.340 120.690 120.520 122.710 123.210 123.700 121.560 122.680 123.620 124.750 125.200 124.600 128.760 130.010 130.930 130.730 131.260 131.780 132.200 132.980 133.660 134.350 134.980 136.020 138.070 138.760 137.850 138.140 138.850 140.670 140.890 141.510 142.230 142.950 143.860 146.920 149.360 151.150 152.440
119.260 118.960 117.720 116.030 112.760 112.740 112.740 112.740 112.740 112.740 112.740 112.740 115.570 119.240 121.890 125.140 126.530 126.460 125.760 125.070 124.920 124.720 123.940 123.480 122.150 123.060 125.100 125.970 124.540 125.800 126.470 127.640 128.500 128.190 127.960 130.590 131.360 132.150 133.680 134.050 135.330 135.820 136.290 136.290 136.780 137.280 137.590 137.710 137.940 138.630 139.910 141.010 141.630 142.130 143.710 144.580 144.880 146.080 147.200 149.130 151.500
112.740 119.000 117.800 115.880 112.740 112.740 112.740 112.740 112.740 112.740 112.740 113.700 114.290 115.670 118.630 121.450 123.850 126.910 127.580 127.280 126.920 126.590 126.150 125.390 124.120 123.660 124.260 125.470 127.670 129.090 129.580 130.250 130.780 131.560 132.380 133.120 133.950 134.490 135.030 135.600 136.160 136.770 137.170 137.600 137.970 138.520 138.850 138.580 139.180 140.930 141.160 142.730 142.750 143.340 144.020 145.110 146.600 147.890 148.880 149.690 150.320
112.740 116.670 117.640 114.170 112.740 112.740 112.740 112.740 112.740 112.740 112.740 116.170 118.820 118.580 117.880 118.750 121.820 125.030 127.260 128.300 127.870 127.300 127.080 126.840 126.640 126.460 127.020 128.080 127.200 128.400 129.390 129.880 130.590 131.750 132.580 133.570 134.520 135.500 136.400 136.670 136.670 137.170 137.870 139.200 139.140 139.620 140.250 140.180 140.230 141.420 143.390 143.860 144.970 145.990 146.020 146.040 146.450 147.740 148.950 150.080 151.480
112.740 115.820 112.760 112.740 112.740 112.740 112.740 112.740 112.740 112.740 112.740 112.740 116.820 120.660 121.270 120.450 120.910 123.570 126.270 127.940 128.600 127.920 127.280 126.990 127.270 128.210 130.660 131.480 129.300 129.880 130.790 131.560 131.960 133.310 133.490 134.200 135.030 135.950 136.200 136.840 137.600 137.570 138.280 140.190 140.010 140.730 141.660 141.560 141.550 142.300 143.960 145.560 144.940 147.040 148.280 148.280 148.530 149.990 150.180 150.370 150.860
112.740 112.740 112.740 112.740 112.740 112.740 112.740 112.740 112.740 112.740 112.740 112.740 116.790 121.850 123.060 123.330 123.280 125.270 127.660 128.720 128.260 127.330 127.190 128.550 129.930 131.850 132.800 133.060 132.540 132.940 133.710 133.280 134.110 134.560 135.470 135.850 136.860 137.260 137.530 138.040 138.180 138.800 139.690 139.890 140.540 142.010 141.980 142.370 142.700 144.170 146.280 147.860 147.570 148.430 149.300 151.230 152.610 152.980 153.290 152.610 153.030
