selke/input/morph/dem.asc
ncols                480
nrows                360
xllcorner     4422000.00
yllcorner     5716000.00
cellsize          100.00
NODATA_value       -9999
[rows 135 to 161 of 360, columns 305 to 365 of 480]
136.250 134.990 133.070 132.430 132.810 134.580 135.040 136.340 135.330 133.430 131.220 127.170 126.600 126.600 127.030 126.700 126.710 126.740 127.180 127.480 127.860 128.460 128.690 128.910 129.540 131.960 137.380 138.480 138.600 138.740 139.000 139.710 140.260 140.280 140.180 139.180 138.580 138.550 138.840 138.720 137.300 137.300 137.600 137.520 137.050 137.310 137.400 137.080 136.970 137.180 136.600 135.890 135.830 135.860 135.630 134.340 131.990 127.580 131.650 134.120 134.380
135.530 134.370 133.550 133.960 135.200 136.050 135.670 136.090 136.510 134.990 133.120 131.050 127.990 126.600 126.600 127.490 127.120 127.270 127.380 127.550 127.590 127.710 128.360 129.320 129.440 130.150 130.720 134.900 138.500 139.110 139.420 139.690 139.690 139.840 139.940 139.590 139.620 139.650 139.500 139.230 138.200 138.270 138.230 138.000 137.820 137.930 137.520 137.340 137.320 137.250 136.830 137.060 136.110 134.640 134.000 132.660 130.760 129.810 134.900 134.850 134.810
136.120 135.410 134.700 135.730 136.380 136.980 136.200 136.170 136.570 134.870 135.010 133.360 130.120 128.130 126.670 127.300 127.290 127.460 127.690 128.500 128.820 128.720 128.940 129.290 129.830 130.000 130.360 131.050 134.080 138.530 139.570 140.040 140.180 140.070 140.200 140.230 140.150 139.890 139.860 139.360 139.190 138.740 138.680 138.460 138.590 138.330 138.160 137.880 137.970 137.600 137.390 137.380 136.980 136.430 135.160 135.270 133.330 130.240 134.720 136.190 135.680
137.440 136.660 136.550 136.620 137.560 137.970 137.860 136.570 136.140 136.120 136.280 135.120 131.050 129.590 127.470 127.300 128.120 127.810 127.960 128.580 129.330 129.660 130.030 130.060 130.110 130.470 130.690 131.120 132.140 133.810 138.100 139.870 140.310 140.500 140.510 140.630 140.660 140.660 140.450 140.220 139.140 139.080 138.900 138.840 138.950 138.770 138.720 138.810 138.510 138.070 137.900 137.530 137.500 137.540 137.180 136.530 135.910 132.710 131.000 135.740 136.490
138.600 138.500 138.850 139.040 138.830 138.620 138.920 138.150 136.180 137.520 137.590 135.230 132.040 130.580 127.730 127.740 128.100 128.430 128.560 128.690 129.290 129.850 130.410 130.770 130.660 130.700 131.210 131.020 131.770 132.340 133.660 139.220 140.750 140.640 140.810 140.980 141.030 141.150 141.110 140.950 139.840 139.880 139.670 139.230 139.160 139.160 139.250 139.290 139.180 139.050 139.210 138.250 138.130 137.850 137.660 136.910 137.630 136.200 133.880 132.390 135.610
139.960 139.890 140.460 140.860 140.760 139.650 139.720 139.160 137.800 138.060 138.100 136.330 134.910 132.100 127.980 128.070 128.180 128.690 129.060 129.140 129.400 130.070 130.420 130.750 131.010 131.190 131.190 131.200 131.630 132.160 132.780 133.950 138.810 141.300 141.260 141.480 141.560 141.630 141.640 141.610 140.670 140.750 140.470 139.680 139.440 139.510 139.580 139.640 139.580 139.600 139.560 139.200 138.840 138.330 138.050 138.230 138.610 136.670 135.380 136.500 135.260
143.040 142.610 142.100 141.770 141.520 140.550 140.480 140.210 139.440 139.090 137.610 137.460 137.910 135.870 132.820 128.850 128.430 128.790 129.160 129.180 129.480 130.170 130.770 131.000 131.120 131.210 131.720 131.780 131.970 132.370 132.690 132.900 134.730 138.560 141.480 142.150 142.160 142.180 142.090 142.170 141.490 141.560 141.010 140.270 139.980 140.000 139.850 139.970 139.920 139.870 139.800 139.730 139.400 139.040 138.880 138.540 138.160 136.600 135.820 137.890 137.600
144.290 143.990 142.970 142.680 142.350 141.100 141.050 141.220 140.930 140.750 139.440 138.730 138.840 137.810 136.180 129.240 128.780 129.000 129.210 129.470 129.730 130.020 130.430 131.140 131.580 131.650 132.160 132.090 132.220 132.700 133.050 133.160 133.810 135.320 139.560 142.060 142.380 142.490 142.520 142.420 142.280 142.320 141.440 141.040 140.610 140.580 140.270 140.290 140.160 140.020 140.050 140.060 140.090 139.640 139.130 139.020 138.730 137.750 136.910 137.370 138.010
145.590 144.600 144.180 143.460 142.750 142.320 141.780 141.650 141.680 141.410 140.570 140.060 140.010 139.700 137.720 129.970 129.400 129.460 129.660 129.890 130.440 130.610 130.660 131.000 131.850 132.100 132.130 132.220 132.480 132.930 133.200 133.400 133.860 134.490 136.380 140.480 142.320 142.660 142.930 142.710 142.560 142.650 142.250 141.610 141.330 141.320 140.980 140.780 140.600 140.290 140.320 140.280 140.090 139.940 139.480 139.350 139.000 138.550 137.690 138.160 138.870
147.350 146.580 145.210 144.550 143.970 143.370 142.780 142.330 141.850 141.550 141.260 141.020 140.490 139.940 137.730 130.470 129.610 129.980 130.180 130.150 130.290 131.080 131.090 131.490 131.970 132.150 132.120 132.860 133.020 133.070 133.320 133.730 134.120 134.550 135.290 137.420 141.160 143.090 143.350 143.080 142.800 143.030 142.760 142.240 142.200 141.730 141.370 141.200 141.140 140.910 140.890 140.680 140.260 140.100 139.690 138.830 138.300 137.990 138.260 138.840 139.460
150.430 148.840 147.450 146.440 145.300 144.650 143.940 143.240 142.470 142.120 141.850 141.450 140.930 140.440 138.980 132.440 130.190 130.090 130.370 130.430 130.300 130.970 131.610 131.930 132.160 132.260 132.710 133.430 133.510 133.550 133.750 134.120 134.160 134.340 135.460 136.180 139.400 143.450 143.710 143.920 143.140 143.320 143.240 143.050 142.990 142.160 141.580 141.470 141.440 141.330 141.280 141.020 140.810 140.570 140.100 139.710 138.750 138.380 140.240 139.690 139.640
152.260 151.280 150.320 148.390 147.400 146.120 145.310 144.240 143.730 142.990 142.420 142.230 141.880 140.740 137.600 131.370 130.740 131.120 131.140 131.260 130.760 131.150 132.150 132.180 132.230 132.450 132.920 133.460 133.880 134.050 134.120 134.400 134.340 134.160 135.250 136.080 138.760 143.030 143.590 144.150 143.760 143.680 143.760 143.650 143.280 142.720 142.160 142.010 141.880 141.700 141.390 141.370 141.350 141.070 140.560 140.160 139.740 139.440 139.500 140.690 140.040
153.000 149.060 148.570 150.650 149.370 148.480 147.570 146.260 145.140 144.020 143.380 142.940 142.000 140.590 137.140 134.480 131.670 132.460 135.890 133.610 133.670 138.840 132.660 132.400 132.440 132.580 132.940 133.400 133.990 134.300 134.420 134.830 135.060 134.850 135.390 136.020 136.520 141.470 143.410 144.000 144.310 144.180 144.190 143.920 143.800 143.390 143.130 142.740 142.390 142.340 141.440 141.560 141.560 141.670 140.990 140.350 140.510 140.460 139.820 140.020 140.710
154.500 153.660 152.760 151.020 151.380 150.410 149.520 148.260 146.610 145.120 144.040 142.760 141.580 138.570 136.490 134.290 132.400 135.160 139.960 136.740 135.710 140.180 141.340 136.010 133.010 132.740 133.060 133.540 134.050 134.380 134.660 135.160 135.200 135.110 135.350 135.980 136.580 138.130 143.640 144.490 144.450 144.640 144.490 144.010 144.140 144.160 143.650 143.120 142.400 142.600 142.710 142.300 142.430 142.170 142.180 141.630 141.490 141.260 141.060 140.680 140.620
153.790 153.040 152.670 152.010 152.200 151.640 151.120 149.340 148.150 146.730 145.110 142.030 140.060 137.250 135.520 133.570 133.650 139.790 140.060 135.800 136.000 141.110 142.210 141.880 141.040 133.880 133.220 133.930 134.360 134.530 134.790 135.140 135.220 135.270 135.660 136.120 136.060 137.290 138.460 144.190 144.660 144.720 144.750 144.520 144.350 144.180 143.740 143.470 143.370 143.060 142.780 142.280 141.930 141.930 141.850 141.870 141.800 141.620 141.290 141.130 141.060
153.160 152.890 152.540 152.090 151.930 151.180 151.030 150.410 149.010 146.600 144.800 141.790 139.100 136.440 135.040 135.440 137.750 141.080 141.080 136.700 135.800 140.140 142.190 142.870 142.620 142.340 136.430 134.250 134.540 134.750 134.940 135.150 135.290 135.660 136.120 136.440 136.700 137.300 139.100 143.520 144.550 144.940 145.170 145.120 144.910 144.200 144.290 144.040 143.920 143.770 143.260 142.400 142.240 142.220 142.270 142.150 142.060 142.050 141.820 141.450 141.360
152.330 152.880 152.890 152.310 151.750 150.380 150.000 149.710 148.820 146.990 144.460 140.990 138.920 136.750 135.610 135.440 139.770 141.160 141.540 138.140 136.820 136.000 141.470 143.240 143.880 143.650 142.890 141.160 134.730 134.960 135.100 135.200 135.490 135.870 136.310 136.890 137.150 136.700 137.270 140.660 144.710 145.350 145.320 145.190 145.020 144.720 144.610 144.440 144.220 144.060 143.780 143.110 142.520 142.640 142.700 142.950 142.660 142.530 142.160 141.980 141.820
151.610 152.420 152.950 152.340 151.860 151.290 150.290 148.130 146.580 145.620 143.080 139.910 139.020 137.650 136.900 136.570 138.340 142.060 142.730 141.620 139.120 137.380 139.790 143.280 144.560 144.940 144.340 143.630 142.700 135.490 135.290 135.520 135.910 136.190 136.660 137.130 137.340 137.590 138.050 139.420 145.520 145.650 145.740 145.510 145.200 145.130 145.010 144.810 144.540 144.370 144.340 144.040 143.150 143.070 143.350 143.500 143.080 142.880 142.550 142.300 142.200
149.740 150.570 151.770 152.050 151.440 150.740 150.120 148.840 147.630 145.170 142.710 141.090 139.390 138.620 137.680 140.470 142.190 142.520 143.290 142.490 140.170 138.310 142.510 143.740 144.400 144.830 145.350 144.980 143.400 137.580 135.600 135.930 136.370 136.850 137.220 137.140 137.130 137.510 137.920 139.370 146.360 146.630 146.350 145.960 145.670 145.450 145.230 145.020 144.900 144.850 144.830 144.520 144.040 143.710 143.890 143.860 143.470 143.120 142.990 142.800 142.570
146.950 149.510 150.680 150.730 149.920 149.570 149.120 148.020 146.750 145.050 143.030 141.270 139.060 138.440 141.720 144.990 144.980 144.800 142.750 140.000 139.500 139.500 143.820 144.190 144.690 144.880 145.020 145.070 143.180 138.590 135.850 136.290 136.760 137.070 137.250 137.270 137.650 137.650 138.170 139.210 144.950 148.210 148.040 147.050 146.380 146.040 145.430 145.200 145.100 145.150 145.140 145.140 144.770 144.270 144.130 143.960 143.760 143.340 143.150 143.110 143.010
145.640 145.600 147.160 148.480 149.010 148.640 148.220 147.160 146.790 145.860 144.020 140.620 138.850 140.440 142.170 145.700 146.410 146.240 142.960 140.310 141.520 143.680 144.560 145.020 145.040 145.000 144.400 141.880 138.060 136.310 136.740 137.090 137.220 137.270 137.450 137.680 137.860 138.280 139.360 142.630 148.070 150.200 148.910 147.680 146.890 146.060 145.590 145.370 145.250 145.330 145.350 145.100 144.670 144.150 143.960 144.020 143.820 143.440 143.140 142.960 142.510
145.600 145.340 145.190 144.410 144.670 145.660 145.020 143.430 142.880 142.510 142.170 140.130 140.170 144.170 146.080 145.070 146.100 145.120 143.110 140.840 142.740 144.420 145.100 145.350 145.210 145.200 144.960 140.950 138.460 137.180 137.020 137.410 137.420 137.430 137.800 138.010 138.090 138.130 138.950 141.130 149.620 150.920 152.410 149.490 148.300 147.700 146.540 146.060 145.680 145.770 145.780 145.460 145.040 144.430 144.180 144.150 144.090 143.840 143.300 142.990 142.160
146.100 145.400 144.290 144.010 143.930 143.060 142.850 142.400 142.180 142.170 142.210 144.690 149.230 150.520 150.410 148.300 148.280 146.700 144.320 141.680 144.440 145.300 145.730 145.640 145.560 145.360 145.140 142.310 138.880 137.210 137.020 137.730 137.820 137.860 138.210 138.410 138.400 138.250 138.660 140.780 150.470 153.520 152.690 151.670 151.320 149.990 147.980 147.260 146.570 146.390 146.180 146.210 145.380 145.060 144.860 144.300 144.140 144.050 143.860 143.300 142.260
150.960 148.980 147.390 146.880 145.150 144.500 143.460 143.780 144.530 146.130 149.190 153.070 155.460 156.190 154.750 151.490 149.590 148.090 145.810 143.060 145.930 147.060 146.920 146.470 146.060 145.680 145.250 143.170 140.660 138.700 137.560 138.080 138.500 138.590 138.550 138.790 138.870 138.700 138.700 139.790 147.680 155.030 155.360 153.110 151.680 150.500 149.560 148.790 148.130 147.350 146.680 146.520 145.930 145.680 145.290 144.830 144.270 144.150 144.030 143.600 142.960
152.960 151.420 150.880 150.490 149.170 147.460 147.620 147.090 148.920 151.160 152.860 154.770 155.400 155.170 155.290 152.260 151.500 149.570 147.410 146.430 145.840 147.680 147.830 147.970 147.400 146.230 144.610 139.900 138.500 138.000 138.070 138.360 138.940 139.100 139.020 139.150 139.140 139.100 139.020 139.170 145.200 152.870 156.310 154.290 152.550 151.260 150.380 149.880 149.310 148.420 147.780 147.240 146.880 146.450 145.740 145.810 145.020 144.260 144.010 143.930 143.270
152.900 152.700 152.230 151.830 151.520 151.050 151.990 151.350 152.720 153.760 154.170 153.230 153.380 152.830 153.200 152.900 152.030 150.640 148.450 146.270 146.730 148.180 148.780 149.620 149.500 147.900 142.710 139.720 138.050 138.000 138.190 138.650 139.240 139.360 139.270 139.340 139.450 139.360 139.380 139.020 143.610 153.780 157.010 155.920 154.630 153.050 151.610 151.290 150.280 149.480 149.190 148.080 147.730 146.970 146.490 146.110 145.290 144.600 144.190 144.210 143.660
154.260 153.630 153.080 152.970 153.690 153.780 154.360 154.690 154.630 155.100 154.430 153.460 152.590 151.970 151.420 152.800 152.040 149.590 146.790 146.270 148.030 148.960 149.070 149.570 150.130 150.040 147.790 144.730 139.340 138.630 138.620 138.810 139.270 140.020 139.810 139.600 139.650 139.500 139.580 139.100 141.990 148.710 155.140 156.020 155.970 154.810 153.580 152.980 151.860 150.770 150.380 149.440 148.840 148.400 147.380 146.620 146.250 145.390 144.820 144.830 143.960
