selke/input/morph/dem.asc
ncols                480
nrows                360
xllcorner     4422000.00
yllcorner     5716000.00
cellsize          100.00
NODATA_value       -9999
[rows 54 to 80 of 360, columns 305 to 365 of 480]
144.910 140.330 142.730 145.740 146.380 146.480 147.300 144.560 138.120 143.220 148.080 148.570 150.140 152.060 153.260 154.330 155.460 152.200 147.840 142.700 140.160 138.250 138.390 147.920 149.980 147.460 153.600 160.490 165.520 170.260 174.300 177.920 184.520 187.630 187.610 186.740 185.870 185.580 185.950 185.610 183.730 181.620 178.850 177.910 178.230 177.680 177.140 176.620 176.050 175.620 174.020 170.760 166.870 168.050 168.080 168.240 168.960 173.650 173.870 173.680 173.710
145.040 141.660 137.600 142.130 142.290 140.340 140.690 136.800 149.630 153.460 154.280 151.800 150.500 150.260 150.660 151.680 153.030 154.120 150.930 144.880 140.350 136.580 135.200 140.560 142.050 144.160 149.570 155.690 160.060 162.940 166.250 173.390 179.770 183.340 184.460 183.910 183.650 183.230 183.610 183.560 182.160 181.430 179.370 176.150 175.660 176.260 176.220 176.090 175.450 174.600 173.400 172.140 170.210 162.890 165.300 165.370 169.080 171.250 172.340 172.580 172.610
144.980 142.640 138.820 136.100 138.160 135.600 132.940 140.350 146.120 150.110 153.780 151.370 149.730 148.890 148.760 148.720 150.490 153.110 151.830 146.200 140.820 136.550 133.950 137.210 142.280 146.560 149.430 152.080 153.400 153.030 163.460 168.710 175.020 178.820 181.130 180.710 180.280 179.800 180.350 180.000 179.290 179.600 178.420 176.490 170.070 173.380 173.620 173.840 173.200 172.660 171.820 170.500 169.840 168.930 162.890 163.220 166.860 168.560 169.880 170.720 171.410
141.460 139.040 135.730 133.770 132.510 132.510 138.510 143.230 145.680 147.920 150.360 148.200 147.310 146.290 146.390 144.850 146.800 149.690 146.460 140.590 136.160 133.950 138.630 143.450 145.510 147.040 149.120 145.540 152.300 160.020 164.680 169.020 174.100 176.740 176.660 176.660 175.670 175.890 176.730 176.740 175.320 177.400 176.360 174.050 168.780 170.610 170.630 170.790 170.580 170.370 169.800 168.780 167.810 167.870 167.200 157.060 164.020 164.020 165.180 166.280 166.840
143.440 142.290 139.490 133.680 132.510 132.510 138.200 140.300 142.030 143.630 145.520 146.280 145.680 144.030 143.980 142.980 142.750 146.250 144.960 140.820 135.990 133.950 136.910 141.380 144.000 144.280 143.820 140.850 148.280 155.430 158.420 161.930 168.250 171.230 171.680 170.860 170.160 170.900 171.250 170.830 169.590 172.650 171.940 167.830 166.490 167.170 168.270 168.480 167.720 167.310 167.190 165.180 165.360 166.310 164.810 152.660 164.240 164.890 166.800 168.160 169.630
143.850 143.300 141.250 136.900 132.510 132.510 135.710 137.390 139.220 139.950 140.580 141.460 142.350 140.640 140.430 140.330 140.440 140.970 132.910 130.930 133.950 133.950 134.260 138.530 144.430 144.180 141.450 139.780 140.260 146.180 154.390 155.400 163.020 164.980 165.790 164.870 164.430 163.740 164.940 165.510 165.320 169.170 168.280 167.990 163.560 163.810 165.380 165.490 164.820 165.510 165.680 164.360 160.220 161.760 159.300 150.560 163.660 165.960 168.320 170.640 170.470
142.520 141.490 139.520 136.620 132.510 132.510 132.890 134.900 136.080 136.340 136.810 135.500 137.330 137.370 135.660 134.460 135.040 136.050 124.450 139.650 135.200 140.340 139.540 142.770 144.570 144.630 144.420 141.310 134.520 137.880 142.090 150.370 155.240 157.000 159.980 159.070 158.960 156.830 158.660 160.180 160.070 166.370 165.490 165.500 165.140 158.900 162.630 162.530 161.820 163.660 164.020 163.630 162.450 156.890 150.560 162.110 163.950 164.800 165.960 167.510 168.280
139.440 139.000 137.980 136.520 133.300 132.510 133.470 133.960 133.180 133.220 132.640 131.640 133.000 134.420 134.950 132.070 126.890 132.050 123.510 139.140 142.660 143.440 143.390 143.740 143.180 143.110 143.610 143.020 139.740 131.990 133.870 139.030 144.290 148.900 151.440 154.360 153.990 152.590 153.510 155.050 156.610 161.860 161.540 161.790 161.440 154.220 159.810 160.050 159.080 160.650 161.200 161.380 160.970 156.120 144.240 161.630 162.420 163.630 164.550 165.550 165.880
136.180 136.380 135.060 134.750 130.630 127.760 133.010 132.440 131.350 130.700 130.090 128.430 129.240 129.780 129.420 129.090 126.110 125.660 120.310 136.160 141.300 141.460 142.350 142.230 140.880 135.330 136.650 136.300 137.680 136.020 129.590 129.220 136.270 141.510 142.880 148.000 149.470 149.190 146.400 152.050 154.060 157.070 156.760 156.980 156.750 151.950 157.740 158.030 156.670 157.710 157.550 158.260 158.260 155.140 139.380 158.020 161.140 162.310 163.170 164.320 164.380
133.070 133.850 132.510 132.300 128.960 124.740 128.340 131.440 129.870 130.160 130.210 127.410 125.730 124.150 124.150 122.670 121.200 123.140 119.450 132.910 138.160 135.960 137.640 138.270 133.770 130.020 126.710 128.620 129.930 127.070 125.960 125.410 130.360 136.780 140.220 142.320 144.150 143.120 141.760 150.180 151.220 153.620 152.350 152.350 152.980 148.040 155.350 156.380 155.670 152.150 152.170 154.750 153.340 144.600 137.790 158.730 160.430 161.430 162.530 163.370 162.750
130.080 131.020 130.510 129.680 127.480 124.090 126.800 129.550 129.000 127.720 130.420 127.130 124.480 123.560 123.560 122.650 119.060 121.520 119.210 125.140 133.840 129.350 130.060 130.620 132.520 125.150 122.130 120.060 120.500 121.080 121.150 124.260 131.080 132.980 137.160 137.340 136.060 135.670 143.300 147.710 147.760 149.730 147.260 147.340 142.480 147.880 152.870 154.470 154.110 152.330 145.590 147.940 143.660 136.190 153.680 158.310 159.470 160.900 161.800 162.260 161.420
127.230 127.730 128.120 127.720 124.940 123.120 127.380 127.570 127.800 125.160 124.410 124.170 125.310 128.760 129.050 129.200 119.740 119.060 119.050 117.790 120.340 124.260 119.770 120.260 122.630 120.950 117.650 116.500 116.820 117.540 119.260 122.880 126.720 129.620 132.850 130.830 133.240 140.640 143.380 144.350 144.360 146.060 142.410 138.660 146.900 150.670 151.590 151.790 151.400 150.390 148.800 142.810 137.520 134.740 152.810 156.460 157.840 159.480 160.740 160.590 159.490
124.760 123.800 124.290 124.860 123.120 124.800 128.020 126.060 124.900 122.320 122.860 128.490 128.080 129.390 129.200 128.940 121.550 117.760 117.230 116.750 116.420 116.700 117.010 116.170 116.180 114.610 114.270 114.250 114.550 115.680 117.760 118.990 121.540 123.790 124.180 124.310 132.270 138.590 139.560 140.120 141.210 141.940 139.260 138.660 147.160 147.730 149.210 149.310 147.970 144.820 143.640 139.850 132.520 147.420 151.420 153.130 155.060 156.180 157.420 158.170 156.820
121.100 120.820 120.660 121.000 120.270 121.720 125.640 123.440 121.920 119.200 122.620 127.800 125.050 127.170 124.360 120.150 116.320 115.780 115.710 115.420 114.820 114.480 113.880 113.340 113.010 112.910 112.920 113.080 113.600 114.280 115.370 116.900 118.040 119.280 120.960 122.880 127.500 135.060 137.060 137.940 137.820 140.020 132.930 139.410 143.380 144.450 146.380 146.370 144.890 141.500 136.310 132.520 137.440 147.990 150.000 150.500 151.940 152.860 152.990 154.210 153.450
120.070 118.620 118.080 117.860 117.240 118.270 121.260 120.150 118.690 117.500 119.990 122.300 117.310 119.780 115.830 114.580 113.800 115.040 114.720 114.410 113.780 113.160 112.710 112.420 111.860 111.350 111.290 111.400 112.160 112.500 113.440 114.790 115.450 117.360 120.100 122.420 126.790 132.230 133.080 133.790 134.400 136.620 132.410 130.720 138.960 141.000 142.410 142.950 141.050 137.540 130.300 134.400 145.760 145.740 145.060 146.470 146.770 148.220 147.870 146.570 141.410
119.960 117.130 116.280 115.730 116.030 116.220 116.320 115.900 114.930 114.380 114.860 116.140 113.800 112.430 111.700 112.330 112.340 113.790 113.630 113.480 113.100 112.760 112.440 111.410 110.380 110.380 110.380 110.380 110.380 110.380 111.550 113.070 113.960 115.920 117.860 120.120 122.550 131.250 130.090 130.070 131.810 134.480 131.430 126.130 132.190 137.650 139.160 139.870 137.780 134.290 129.800 136.380 139.380 139.920 139.370 141.610 140.620 144.190 142.670 135.510 138.450
118.410 115.960 115.260 115.180 115.080 115.150 114.830 114.040 113.240 112.980 112.660 111.510 111.070 110.470 110.380 110.970 111.170 112.640 112.570 112.650 112.360 111.960 111.250 110.380 110.380 110.380 110.380 110.380 110.380 110.380 110.380 110.380 111.610 112.470 114.190 115.850 118.030 121.280 124.750 125.320 123.640 130.430 127.200 124.530 122.180 129.070 136.090 139.730 137.590 133.860 128.880 123.070 130.960 130.770 131.170 132.600 135.630 136.760 135.010 133.880 145.360
115.530 114.170 113.930 114.180 114.460 114.610 114.290 113.400 112.740 112.420 111.770 110.540 110.380 110.380 110.380 110.380 110.380 111.440 111.820 111.640 111.390 110.720 110.380 110.380 110.380 110.380 110.380 110.380 110.380 110.380 110.380 110.380 110.380 110.380 110.380 110.650 110.380 111.730 114.090 119.380 122.590 123.100 120.100 119.050 119.720 123.210 126.890 131.350 135.200 133.360 129.300 121.570 125.180 125.060 126.140 126.700 128.510 127.190 129.610 139.490 144.360
113.760 112.940 112.700 112.960 113.460 113.940 113.680 112.900 112.270 111.660 110.660 110.380 110.380 110.380 110.380 110.380 110.380 110.380 110.670 110.410 110.440 110.380 110.380 110.380 110.380 110.380 110.380 110.380 110.380 110.380 110.380 110.380 110.380 110.380 110.380 110.380 110.380 110.380 110.380 110.380 110.380 117.040 116.740 117.220 117.170 118.340 120.640 122.950 124.820 125.750 125.500 120.200 120.230 121.560 123.280 124.020 123.900 127.680 134.510 138.110 140.950
112.540 112.280 112.000 112.360 112.770 113.290 112.720 112.280 111.600 110.840 110.380 110.380 110.380 110.380 110.380 110.380 110.380 110.380 110.380 110.380 110.380 110.380 110.380 110.380 110.380 110.380 110.380 110.380 110.380 110.380 110.380 110.380 110.380 110.380 110.380 110.380 110.380 110.380 110.380 110.380 110.380 113.600 114.130 115.150 114.620 115.150 115.260 116.050 116.410 118.180 118.580 118.600 117.700 117.940 118.620 119.290 125.210 128.670 130.800 133.700 134.390
112.260 111.450 111.460 111.900 112.280 112.370 112.070 111.580 110.940 110.380 110.380 110.380 110.380 110.380 110.380 110.380 110.380 110.380 110.380 110.380 110.380 110.380 110.380 110.380 110.380 110.380 110.380 110.380 110.380 110.380 110.380 110.380 110.380 110.380 110.380 110.380 110.380 110.380 110.380 110.380 110.380 110.380 110.760 112.200 112.660 112.970 112.970 112.970 113.610 114.620 115.260 114.100 115.640 116.540 116.860 118.960 122.170 123.860 126.000 127.710 128.080
110.620 110.580 110.900 111.200 111.290 111.410 111.300 110.870 110.380 110.380 110.380 110.380 110.380 110.380 110.380 110.380 110.380 110.380 110.380 110.380 110.380 110.380 110.380 110.380 110.380 110.380 110.380 110.380 110.380 110.380 110.380 110.380 110.380 110.380 110.380 110.380 110.380 110.380 110.380 110.380 110.380 110.380 110.380 110.380 118.780 117.080 112.970 112.970 112.970 112.970 113.100 113.100 113.330 115.550 116.550 117.990 120.180 121.930 123.130 123.960 124.210
110.380 110.380 110.380 110.450 110.430 110.600 110.520 110.380 110.380 110.380 110.380 110.380 110.380 110.380 110.380 110.380 110.380 110.380 110.380 110.380 110.380 110.380 110.380 110.380 110.380 110.380 110.380 110.380 110.380 110.380 110.380 110.380 110.380 110.380 110.380 110.380 110.380 110.380 110.380 110.380 110.380 110.380 110.380 125.470 124.200 124.140 124.230 124.290 124.130 122.620 113.650 113.100 113.100 114.350 116.000 117.540 119.020 120.260 121.400 122.560 123.590
110.380 110.380 110.380 110.380 110.380 110.380 110.380 110.380 110.380 110.380 110.380 110.380 110.380 110.380 110.380 110.380 110.380 110.380 110.380 110.380 110.380 110.380 110.380 110.380 110.380 110.380 110.380 110.380 110.380 110.380 110.380 110.380 110.380 110.380 110.380 110.380 110.380 110.380 110.380 110.380 110.380 110.380 111.400 125.740 124.560 124.320 124.090 123.920 123.820 124.080 125.430 124.680 113.100 113.920 115.720 117.060 118.280 119.000 119.750 120.810 122.200
110.380 110.380 110.380 110.380 110.380 110.380 110.380 110.380 110.380 110.380 110.380 110.380 110.380 110.380 110.380 110.380 110.380 110.380 110.380 110.380 110.380 110.380 110.380 110.380 110.380 110.380 110.380 110.380 110.380 110.380 110.380 110.380 110.380 110.380 110.380 110.380 110.380 110.380 110.380 110.380 111.130 110.380 115.840 124.880 125.830 124.410 123.990 123.650 123.590 123.830 123.850 123.440 117.980 116.290 116.240 116.260 116.900 117.030 117.400 118.250 119.490
110.380 110.380 110.380 110.380 110.380 110.380 110.380 110.380 110.380 110.380 110.380 110.380 110.380 110.380 110.380 110.380 110.380 110.380 110.380 110.380 110.380 110.380 110.380 110.380 110.380 110.380 110.380 110.380 110.380 110.380 110.380 110.380 110.380 110.380 110.760 110.640 110.800 111.240 111.780 112.630 114.910 114.220 124.090 124.960 125.180 124.090 123.700 123.340 123.170 123.630 123.700 121.810 118.390 115.900 114.850 114.320 114.100 114.160 114.450 115.160 116.120
110.380 110.380 110.380 110.380 110.380 110.380 110.380 110.380 110.380 110.380 110.380 110.380 110.380 110.380 110.380 110.380 110.380 110.380 110.380 110.380 110.380 110.380 110.380 110.380 110.380 110.380 110.380 110.380 110.380 110.380 110.840 110.990 110.940 111.000 111.100 111.280 111.770 112.540 111.860 112.980 115.620 118.260 124.940 126.210 124.180 124.260 123.440 123.230 122.210 122.840 122.290 120.030 114.680 112.740 112.740 112.740 112.740 112.740 112.740 112.740 112.740
