selke/input/morph/facc.asc
ncols                480
nrows                360
xllcorner     4422000.00
yllcorner     5716000.00
cellsize          100.00
NODATA_value       -9999
[rows 185 to 221 of 360, columns 249 to 331 of 480]
-9999 -9999 -9999 -9999 -9999 -9999 -9999 -9999 -9999 -9999 -9999 -9999 -9999 -9999 -9999 -9999 -9999 -9999 0 4 0 4 5 6 7 5 1501 0 4 4 4 4 3 3 3 3 3 3 3 2 2 2 2 4 2 0 0 3 2 1 2 0 1 0 0 0 0 0 0 0 1 2 1 1 2 35 0 0 0 47 0 13 20655 0 1 5 25 1 2 1 3 727 0
-9999 -9999 -9999 -9999 -9999 -9999 -9999 -9999 -9999 -9999 -9999 -9999 -9999 -9999 -9999 -9999 -9999 -9999 3 0 3 0 2 3 4 1494 4 0 3 3 3 3 2 2 2 2 2 2 2 1 1 1 1 1 1 1 0 1 1 0 0 0 0 0 0 0 1 1 1 2 2 6 29 30 31 0 0 1 1 0 48 20598 0 55 0 4 24 0 1 0 2 40 685
-9999 -9999 -9999 -9999 -9999 -9999 -9999 -9999 -9999 -9999 -9999 -9999 -9999 -9999 -9999 -9999 -9999 -9999 2 0 0 0 2 1474 1488 4 0 3 2 2 2 2 1 1 1 1 1 1 1 0 0 0 0 0 0 0 0 0 0 0 0 0 0 0 1 1 3 0 5 9 10 19 1 2 0 0 2 2 0 20535 20541 0 4 0 54 3 22 0 0 1 38 0 684
0 -9999 -9999 -9999 -9999 -9999 -9999 -9999 -9999 -9999 -9999 -9999 -9999 -9999 -9999 -9999 -9999 0 0 0 0 1 1470 6 5 1 0 2 1 1 1 1 0 0 0 0 0 0 0 0 0 0 0 0 0 0 1 0 0 0 2 0 2 1 2 2 0 4 5 6 7 0 0 0 5 1 0 20476 20479 50 0 3 0 1 53 0 1 21 0 1 35 0 681
2 0 0 0 0 0 0 0 0 0 0 -9999 -9999 -9999 -9999 -9999 0 0 0 0 1467 1469 4 0 1 2 0 1 0 0 0 0 0 0 0 0 0 0 0 1 1 1 1 1 1 1 2 1 1 0 1 4 3 0 2 3 4 0 1 0 0 0 0 2 0 20444 20446 21 1 0 48 1 0 0 5 46 0 20 0 33 0 1 666
679 688 696 703 715 719 721 0 1 729 1 0 0 0 0 0 0 1 1422 1459 4 0 2 0 0 0 0 0 0 0 0 0 0 1 1 2 1 1 1 2 2 2 2 2 2 2 5 0 0 2 1 9 0 4 1 9 15 1211 0 4 1 1 0 0 20414 19 0 1 18 0 0 46 0 0 3 44 0 19 0 31 0 1 0
3 5 4 8 0 1 6 722 724 0 731 734 736 739 741 1400 0 1420 25 8 2 0 0 0 0 0 0 0 1 0 2 1 1 2 2 3 2 2 0 5 3 0 3 3 6 3 6 0 2 0 3 4 10 1 7 8 1210 0 1213 0 20381 20385 20390 20410 15 0 17 0 16 0 10 16 28 0 1 38 4 18 0 24 4 0 0
4 3 3 3 0 5 1 9 10 11 12 13 36 622 656 0 1412 2 22 1 7 1 0 0 0 2 1 1 0 3 3 2 0 5 3 4 3 3 0 7 4 1 0 4 4 11 7 0 1 3 1 0 5 11 12 13 1170 0 1 20369 2 0 2 1 5 8 0 15 15 9 0 3 27 0 10 26 3 17 1 21 1 1 0
2 2 2 3 4 0 0 1 11 12 15 21 584 23 8 8 0 1 9 11 0 6 0 1 1 0 5 2 0 5 4 0 3 7 4 0 9 4 1 8 5 2 0 1 10 0 21 1 0 2 4 2 10 11 12 1169 0 0 1 19152 0 0 1 0 4 3 3 14 14 8 0 1 26 9 9 15 2 16 0 20 0 0 1
1 1 2 1 2 5 7 8 0 1 4 583 22 6 0 1 5 0 8 10 3 0 0 2 0 2 10 0 3 7 5 0 1 4 13 0 11 0 5 2 15 3 0 1 2 11 0 23 3 0 3 9 10 0 1155 0 0 2 0 19124 24 2 1 0 3 2 2 13 13 7 0 16 8 8 8 14 1 14 0 7 11 0 0
0 1 0 0 1 0 0 1 2 3 581 0 21 5 0 1 2 7 9 0 1 1 3 5 9 11 0 11 1 4 8 6 1 2 19 0 13 1 6 0 19 4 1 2 3 12 0 0 24 4 6 1130 1152 1153 0 0 2 0 19112 9 0 19 14 0 2 1 1 12 12 6 0 14 7 7 7 13 0 6 6 6 5 4 0
0 0 1 43 45 46 47 48 495 577 2 0 19 4 0 1 2 3 8 0 0 0 1 2 3 0 12 1 12 7 9 0 7 2 23 0 1 16 7 1 20 5 0 5 4 13 2 0 0 26 1122 0 8 0 0 2 0 19093 13 0 7 0 2 13 1 0 0 11 11 5 0 12 6 6 6 11 0 5 5 5 4 3 0
26 27 40 0 1 2 435 445 3 76 1 13 4 3 0 1 2 2 4 0 1 0 0 0 0 4 1 13 2 21 0 10 1 11 24 0 2 930 17 982 1007 1030 1034 1035 1047 1077 1081 0 2 1094 0 6 0 0 2 0 19072 15 0 11 0 5 1 11 0 0 10 4 5 4 0 10 5 5 5 5 4 4 4 4 3 2 0
4 4 6 0 43 431 8 0 1 75 0 12 3 2 0 1 1 3 1 2 3 2 0 1 1 1 5 16 0 3 22 24 802 818 886 912 924 0 953 2 2 12 1 0 12 1 0 1083 1084 5 4 0 0 0 1 19067 5 0 7 0 9 4 0 9 0 4 4 3 4 3 0 8 4 4 4 4 3 3 3 3 2 1 0
3 2 2 42 386 2 4 0 32 41 0 10 2 1 0 0 2 0 2 3 4 4 3 1 4 7 10 450 471 485 494 763 2 45 20 9 0 15 4 1 1 11 0 4 5 0 2 3 4 3 0 0 3 0 0 19061 0 3 5 0 8 2 0 6 1 3 3 2 3 2 0 6 3 3 3 3 2 2 2 2 1 0 0
1 1 41 385 1 1 1 31 35 4 6 2 1 0 0 1 0 1 0 382 387 394 400 405 406 426 432 2 11 2 0 267 1 44 19 8 6 7 3 0 0 10 3 2 1 1 0 1 2 0 0 2 0 18923 18925 19059 104 103 2 4 2 4 1 5 0 2 2 1 2 1 0 4 2 2 2 2 1 1 1 1 0 0 594
0 40 384 0 0 0 30 23 10 3 5 1 0 0 0 1 2 374 380 3 0 3 4 13 18 4 1 8 1 1 0 265 0 43 18 7 5 0 5 2 5 3 2 1 0 0 0 1 0 0 1 0 18909 6 0 1 25 10 102 1 3 1 3 0 4 1 1 0 1 0 0 2 1 1 1 1 0 0 0 0 0 1 590
39 383 0 3 5 29 15 6 9 2 4 0 0 278 281 357 370 1 2 2 2 0 7 3 3 0 6 0 0 0 263 0 0 41 17 6 2 1 4 1 4 2 1 0 0 0 0 0 4 1 0 18896 7 0 4 0 11 1 9 101 0 2 0 2 0 2 0 0 0 0 0 0 0 0 0 0 0 0 0 0 0 583 2
380 1 1 0 1 20 14 5 8 1 3 0 276 0 74 2 8 0 1 1 1 0 4 2 2 1 0 2 0 261 0 14 32 7 16 5 1 0 3 0 3 1 0 0 0 2 5 6 7 18862 18869 23 0 6 0 2 10 0 8 99 0 0 0 0 0 0 0 0 0 1 0 0 0 0 0 0 0 1 3 75 579 1 0
377 0 0 0 18 0 13 4 7 0 2 272 1 0 72 1 0 6 0 0 0 0 2 1 1 0 1 1 258 0 13 8 7 6 15 2 1 0 2 1 0 0 0 0 1 2 3 4 5 18846 4 0 20 0 4 1 8 0 1 5 98 1 0 0 0 0 24 23 11 0 0 1 3 5 49 52 62 68 69 496 2 1 0
376 0 0 13 3 5 6 3 3 2 1 271 0 0 67 2 0 1 3 0 0 0 0 0 0 0 0 0 255 5 6 7 6 5 10 3 1 0 1 0 0 1 6 1 3 4 5 0 1 18839 0 3 6 12 3 0 1 5 0 4 4 90 85 57 54 52 0 7 0 7 0 3 6 41 0 7 3 0 494 0 0 0 0
0 0 7 3 2 4 5 2 2 1 0 269 0 64 0 0 1 0 1 0 1 2 0 1 2 3 4 251 1 4 5 6 5 4 5 3 2 0 0 0 2 3 0 8 9 10 11 18 0 18835 1 0 2 5 11 2 0 1 2 3 3 3 4 20 0 7 17 0 5 6 0 1 18 14 6 1 0 2 488 0 0 0 0
0 4 1 2 1 3 4 1 1 0 0 266 0 63 0 0 0 0 1 3 6 7 11 12 13 14 31 213 0 3 4 5 4 3 4 0 1 1 0 0 0 0 0 0 1 2 0 1 18767 64 52 51 0 1 4 10 1 0 1 2 2 2 3 1 17 6 14 1 4 5 0 17 6 6 5 0 1 8 4 473 463 458 2
0 3 0 1 0 2 3 0 0 0 236 22 5 57 3 1 0 0 0 0 0 1 2 10 11 15 73 136 1 2 3 4 3 2 1 1 0 0 0 0 0 1 1 3 4 17 21 0 18744 0 10 0 49 6 0 3 9 0 0 1 1 1 2 0 16 5 13 0 3 4 0 15 5 5 4 0 7 2 0 8 0 1 453
4 1 0 0 1 1 0 0 1 232 1 21 4 0 55 1 0 0 1 2 3 4 6 1 2 64 7 135 0 1 2 3 2 1 0 0 0 2 1 0 1 1 2 3 11 0 1 18742 11 8 6 8 3 41 5 0 2 8 2 0 0 0 1 8 6 4 10 1 2 3 0 13 4 4 3 3 2 1 0 6 0 1 428
0 3 0 0 0 0 0 0 228 0 0 20 3 9 29 12 0 0 4 5 6 0 0 0 63 4 1 126 7 0 1 2 1 0 3 4 5 0 3 6 1 2 5 6 0 0 1 18704 0 1 0 5 3 2 40 3 0 1 4 1 0 0 1 5 5 3 9 0 1 2 0 11 3 3 2 2 1 0 2 2 0 0 424
0 0 1 0 0 0 1 224 0 0 1 17 2 8 28 4 5 2 0 1 2 51 52 61 1 1 0 125 0 5 0 1 0 2 0 5 8 16 18 19 27 34 39 40 0 2 0 18700 4 0 0 1 2 2 1 39 1 0 0 3 1 0 1 2 4 2 2 5 0 1 4 5 2 2 1 1 0 1 1 0 1 2 420
0 0 0 1 3 5 217 1 0 0 15 0 1 7 27 3 4 1 0 1 39 0 5 1 0 0 0 123 0 3 0 0 1 1 3 1 0 0 1 2 3 0 2 2 45 0 18514 178 0 2 1 0 0 1 1 0 38 30 0 0 0 0 0 1 3 1 1 4 0 3 0 3 1 1 0 0 0 0 0 6 8 10 415
0 0 0 0 0 0 209 0 0 12 1 0 6 1 24 2 3 0 1 34 1 0 3 0 0 106 118 0 1 1 0 0 0 0 0 0 1 2 3 4 0 1 1 0 0 47 18461 0 175 172 12 9 8 0 0 0 3 2 28 0 0 0 0 0 2 0 0 3 1 0 0 1 0 0 0 1 2 3 4 0 0 0 394
0 1 1 4 198 203 1 0 9 1 0 5 0 0 22 1 2 0 0 30 0 0 1 0 104 3 1 4 1 0 0 0 0 0 1 0 1 0 0 0 6 0 0 0 1 18452 1 5 0 0 158 1 0 6 5 2 1 0 1 25 4 2 0 0 0 0 0 1 0 0 0 0 0 0 0 0 0 0 0 0 0 0 393
12 16 20 196 0 2 0 0 8 0 0 3 1 20 0 0 1 0 26 1 0 0 0 101 0 2 0 0 0 0 0 0 1 1 0 2 0 3 1 1 0 9 0 2 0 18449 0 0 4 0 0 156 2 1 0 1 1 0 0 4 13 2 1 0 0 0 0 0 0 0 2 0 0 1 2 0 1 2 0 1 1 386 1
1 0 0 168 0 0 0 0 4 1 2 0 13 1 1 0 0 22 1 0 0 1 2 99 0 0 0 0 0 0 0 1 1 2 2 1 3 0 4 4 1 0 11 0 18398 47 17 11 8 2 0 148 3 2 1 0 0 0 1 1 1 7 4 1 1 0 0 0 1 2 3 1 0 1 2 4 0 2 7 347 349 1 30
0 0 38 124 1 0 0 0 2 0 1 10 1 0 0 15 19 0 0 0 80 84 85 7 0 0 0 133 139 141 0 161 167 179 183 194 200 202 208 5 0 0 1 18389 3 26 1 4 1 7 0 0 146 0 3 2 1 0 0 0 0 0 0 0 3 0 0 2 0 3 11 0 2 1 210 219 223 224 334 1 0 0 17
0 34 1 0 122 1 0 0 1 0 2 6 0 0 14 0 1 0 75 78 1 0 5 0 3 6 132 1 0 0 159 0 7 2 2 1 0 0 216 0 0 1 0 18374 0 1 25 0 3 0 6 1 0 141 0 1 0 0 0 0 0 0 0 0 4 5 8 12 0 0 12 0 1 199 2 2 1 0 108 0 0 0 12
29 2 0 0 0 117 4 1 0 1 0 4 1 10 1 0 0 72 0 1 0 2 1 2 1 121 0 0 0 13 0 0 5 1 1 0 0 0 217 0 2 0 18365 6 1 0 22 1 0 1 5 0 1 0 132 0 1 0 1 1 1 9 3 0 1 2 4 0 13 156 170 0 192 0 1 1 0 0 103 1 0 0 7
0 0 0 0 108 0 0 0 0 0 3 0 2 4 0 0 1 67 0 0 1 0 1 0 0 120 0 0 7 1 1 0 3 0 0 0 0 3 0 219 0 18362 1 2 0 0 21 13 0 0 2 1 0 8 4 114 34 30 26 23 13 0 2 0 0 0 0 6 139 1 3 182 4 1 0 0 1 3 101 1 0 1 2
0 0 2 5 98 1 0 0 0 0 1 1 1 1 0 0 65 0 0 0 0 0 0 0 0 117 0 2 2 0 0 1 0 0 0 0 2 3 9 0 18352 2 0 0 1 0 4 0 12 0 1 0 7 1 1 1 76 0 0 4 1 1 0 0 0 0 1 129 0 0 0 5 0 3 0 0 0 0 91 1 0 0 0
