selke/input/morph/facc.asc
ncols                480
nrows                360
xllcorner     4422000.00
yllcorner     5716000.00
cellsize          100.00
NODATA_value       -9999
[rows 111 to 147 of 360, columns 332 to 414 of 480]
1 147 1 1 1 2 4 0 5 16 2 1 2 0 1 2 5 1 1 3 8 656 4 5 99 115 8 13 16 30 56 21 20 33 22 1080 3116 54 53 52 51 50 49 48 47 46 45 44 43 42 1 2 0 0 0 1 0 0 0 5 4 0 0 2 3 1 2 0 1 1 0 1 0 8 1 10 1 5 30 29 23 2 1
142 0 150 263 267 277 0 0 7 406 424 427 4 0 0 1 0 0 0 0 6 655 3 4 98 114 7 12 15 29 55 20 19 32 21 1079 13 3046 19 18 17 16 15 14 13 12 11 10 9 8 7 1 1 0 4 0 1 0 0 0 0 2 3 4 0 3 1 0 2 2 1 3 0 0 11 13 38 31 0 0 0 0 2
6 1 0 106 0 35 315 317 396 0 2 4 441 0 0 1 2 3 4 5 1 654 2 3 97 113 6 11 14 28 54 19 18 31 20 1078 12 17 3007 16 15 14 13 12 11 10 9 8 7 6 5 4 1 5 0 2 0 0 1 1 1 22 5 1 4 2 1 0 3 0 5 4 1 1 12 66 12 11 9 7 5 3 0
2 0 101 3 8 25 0 57 19 0 1 0 1 442 0 1 0 0 0 0 634 16 1 2 96 112 5 10 13 27 53 18 17 30 19 1077 11 16 17 2971 18 17 16 15 14 13 12 11 10 9 8 7 6 1 3 0 2 0 0 32 24 0 8 5 3 0 2 5 0 0 7 111 105 98 82 1 0 2 1 0 0 0 4
1 99 0 2 7 24 55 0 1 15 0 0 0 1 445 446 449 451 632 633 13 1 0 1 95 111 4 9 12 26 52 17 16 29 18 1076 10 15 16 20 2930 20 19 18 17 16 15 14 13 12 11 10 9 8 1 0 3 37 34 0 0 0 0 4 0 1 3 6 1 1 122 0 3 0 0 11 8 4 3 2 0 6 23
0 97 0 0 6 23 54 0 4 7 1 0 0 1 2 3 171 173 3 6 5 0 0 92 1 110 3 8 11 25 51 16 15 28 17 1075 9 14 15 19 15 2892 14 13 12 11 10 9 8 7 6 5 4 3 2 0 42 0 0 0 0 2 0 5 1 2 149 144 135 126 1 0 0 0 0 0 0 0 0 0 0 31 0
0 94 0 5 0 21 53 3 5 0 0 1 5 6 7 166 0 0 1 5 3 0 91 0 1 107 2 7 10 24 50 15 14 27 16 1074 8 13 14 18 14 14 2861 57 56 55 54 53 52 51 50 49 48 47 46 45 1 1 1 0 1 4 0 0 8 156 2 0 1 1 0 0 0 0 0 0 1 2 1 0 0 532 497
1 91 3 0 1 18 52 2 3 0 0 1 14 15 0 120 36 0 0 3 1 0 90 0 106 1 2 3 9 23 49 14 13 26 15 1073 7 12 13 17 13 13 102 2699 17 16 15 14 13 12 11 10 9 8 7 6 5 2 1 0 7 1 0 0 169 0 0 1 0 0 0 1 0 0 2 576 567 564 557 549 543 5 0
0 90 2 0 1 15 51 1 1 0 0 13 5 34 59 59 35 0 0 1 0 2 89 105 0 1 2 5 2 22 48 13 12 25 14 1072 6 11 12 16 12 12 101 15 2664 14 13 12 11 10 9 8 7 6 5 4 3 2 0 1 8 3 0 0 170 1 0 1 0 0 0 0 596 592 581 0 6 2 4 3 1 0 3
87 1 1 0 2 11 50 0 0 0 12 4 27 2 3 58 33 5 0 0 1 2 82 104 0 1 4 1 21 2 47 12 11 24 13 1071 5 10 11 15 11 11 100 14 14 2633 16 15 14 13 12 11 10 9 8 7 6 5 4 0 9 6 0 1 0 177 2 0 0 0 1 601 0 5 1 0 5 1 1 1 2 0 1
86 0 0 1 4 5 48 0 0 10 3 26 1 2 4 52 26 0 2 0 1 78 2 103 0 3 0 20 1 43 3 11 10 23 12 1070 4 9 10 14 10 10 99 13 13 16 2598 22 21 20 19 18 17 16 15 14 13 12 11 10 196 188 3 2 181 1 0 2 0 0 613 3 0 2 1 0 2 1 0 0 0 1 0
84 0 0 1 1 4 47 0 8 2 25 0 1 3 51 0 2 21 1 0 77 1 3 98 1 0 19 0 42 2 2 3 9 22 11 1069 3 8 9 13 9 9 98 12 12 15 16 2557 210 209 208 207 206 205 204 203 202 201 200 199 1 0 183 182 631 630 629 628 623 619 1 3 2 0 0 0 0 0 0 0 0 0 5
0 83 0 0 1 1 46 3 2 1 24 0 2 49 0 1 2 17 0 76 0 2 1 95 0 17 0 41 1 1 2 3 4 21 10 1068 2 7 8 12 8 8 97 11 11 14 15 13 2331 808 807 806 805 804 803 802 801 800 799 798 797 796 786 785 152 2 0 0 1 0 0 0 2 1 0 0 0 0 1 39 37 30 2
24 33 48 0 0 22 22 2 1 0 23 1 0 47 0 1 13 2 74 0 1 0 93 0 7 8 40 0 0 1 2 3 17 2 9 1067 1 6 7 11 7 7 96 10 10 13 14 12 72 1448 10 9 8 7 6 5 4 3 2 1 0 0 8 7 2 148 0 0 0 0 0 0 0 1 0 0 2 50 45 3 1 4 20
0 7 46 0 0 20 21 1 0 0 21 0 1 44 0 1 10 1 73 0 1 12 79 6 4 2 0 38 0 1 2 16 1 1 6 1066 0 5 6 10 6 6 95 9 9 12 13 11 71 21 1414 11 10 9 8 7 6 5 4 3 2 0 0 1 1 1 147 141 0 1 1 1 0 0 0 0 56 0 0 0 0 0 3
0 5 32 12 3 15 15 4 0 0 20 0 0 42 0 7 1 0 72 0 8 0 78 5 3 1 0 36 0 1 15 0 0 5 2 1065 0 4 5 9 5 5 94 8 8 11 12 10 70 20 15 1385 11 10 9 8 7 6 5 4 3 2 0 0 0 0 1 1 138 129 126 117 115 112 110 105 43 3 2 1 0 1 0
0 3 31 11 2 14 14 2 0 3 10 3 1 39 3 2 0 1 69 1 5 0 76 4 2 0 33 1 0 14 0 2 4 1 1 1061 0 1 4 8 4 4 93 7 7 10 11 9 69 19 14 14 1357 9 8 7 6 5 4 3 2 1 0 2 1 0 0 0 3 1 1 3 0 1 2 0 1 38 24 23 22 15 1
1 0 30 10 1 13 13 1 2 1 7 2 0 38 2 1 0 68 0 3 0 73 1 3 1 0 31 0 0 12 0 0 0 0 0 1058 0 0 3 7 3 3 92 6 6 9 10 8 68 18 13 13 15 1330 11 10 9 8 7 6 5 4 3 0 0 0 0 0 2 0 0 0 0 0 0 0 0 8 3 0 0 2 12
0 7 21 9 0 12 12 0 1 0 6 1 0 37 1 0 61 5 1 0 3 68 0 2 0 26 3 0 10 0 0 0 0 0 1 1055 0 2 6 0 1 2 91 5 5 8 9 7 67 17 12 12 14 11 1305 10 9 8 7 6 5 4 3 1 0 5 2 0 1 0 0 0 1 0 0 1 0 0 6 1 0 0 0
6 16 3 4 3 11 0 10 0 1 3 0 28 6 0 60 2 1 0 2 3 63 0 0 24 0 2 8 0 0 0 1 1 1 1049 0 0 1 5 0 0 0 90 4 4 7 8 6 66 16 11 11 13 10 71 1221 19 18 17 16 15 14 13 12 9 2 1 0 0 0 14 11 8 7 5 2 1 0 0 4 1 0 0
3 15 2 3 2 5 4 9 0 0 1 27 0 4 4 54 1 0 1 2 58 3 0 22 0 1 7 0 2 7 12 16 23 1043 0 1 0 4 0 2 4 31 89 3 3 6 7 5 65 15 10 10 12 9 70 12 1187 6 5 4 3 2 1 0 0 0 0 0 1 17 0 0 0 0 0 0 0 0 0 0 0 0 1
1 14 1 2 1 4 3 1 6 0 22 3 0 2 3 53 0 0 1 55 1 2 17 2 0 3 2 0 2 2 1 0 0 1018 0 0 2 0 0 0 24 0 56 2 2 5 6 4 64 14 9 9 11 8 69 11 21 1157 7 6 5 4 3 2 1 1 0 1 20 0 1 1 1 1 1 1 1 1 0 0 1 2 1
0 13 0 1 0 3 2 0 5 10 10 2 0 0 2 50 1 0 26 27 0 1 16 1 0 1 1 1 1 0 0 0 1012 2 0 1 0 2 18 21 1 55 0 0 1 4 5 3 63 13 8 8 10 7 68 10 20 14 1133 8 7 6 5 4 3 0 1 25 1 0 2 7 2 2 5 2 6 3 1 2 3 2 2
0 0 11 0 0 1 1 0 3 9 9 1 0 1 47 1 0 1 23 25 0 0 15 0 0 0 0 0 0 0 0 1007 1 0 1 0 0 14 1 0 42 10 0 0 1 1 4 2 62 12 7 7 9 6 67 9 19 13 31 1091 5 4 3 2 1 0 59 30 29 28 21 12 11 7 0 7 0 0 3 4 3 3 1
0 0 0 9 0 0 0 0 1 8 8 0 0 16 29 0 0 20 0 0 24 14 0 2 48 49 0 0 0 1 999 1 2 0 0 1 13 0 0 41 0 2 5 0 0 1 1 1 61 11 6 6 8 5 66 8 18 12 30 9 1074 66 65 64 63 62 1 0 0 0 0 0 0 0 0 9 1 15 10 4 4 2 2
1 0 0 0 7 6 0 0 5 1 0 6 0 13 27 0 16 1 0 23 11 1 0 43 0 1 75 77 91 94 899 0 0 1 0 1 2 5 0 38 0 0 3 0 0 0 0 0 60 10 5 5 7 4 65 7 17 11 29 8 8 997 6 5 4 3 2 1 0 0 0 2 1 1 10 2 16 0 0 0 8 0 3
3 1 1 0 0 0 3 0 3 0 5 0 11 0 26 0 14 0 21 0 10 0 7 34 0 17 4 11 0 2 898 0 0 0 0 1 0 3 34 1 0 0 1 0 0 0 54 58 0 9 4 4 6 3 64 6 16 10 28 7 7 120 868 3 2 1 0 0 1 1 1 5 0 13 3 17 1 1 0 0 10 216 214
0 4 3 1 0 0 0 1 2 3 0 9 0 21 3 1 11 0 19 8 0 6 31 1 16 3 0 9 1 4 1 886 0 0 0 0 2 0 30 1 0 0 1 12 16 52 0 1 0 6 3 3 5 2 63 5 15 9 27 6 6 119 34 828 330 329 328 327 325 322 317 313 303 23 18 5 2 0 243 237 235 2 0
23643 10 0 1 1 0 0 0 1 2 3 4 0 18 2 0 10 14 3 7 5 27 2 0 15 2 8 0 3 0 0 2 879 0 0 0 0 6 0 21 0 0 9 1 2 27 2 0 1 3 2 2 4 1 62 4 14 8 26 5 5 118 33 22 473 3 2 1 0 1 0 2 1 261 259 251 249 245 0 3 1 1 0
0 23630 7 4 1 1 0 0 0 1 2 3 0 16 1 0 8 13 2 6 4 26 1 0 13 1 7 1 0 0 1 267 0 607 2 0 0 2 0 15 4 8 0 1 5 20 1 0 2 1 1 1 1 0 61 3 13 7 25 4 4 117 32 21 17 450 5 4 3 0 0 0 0 0 0 0 0 1 0 0 1 0 0
2 0 23617 0 4 1 1 0 0 0 1 2 0 14 0 1 5 12 1 5 3 25 0 12 0 2 3 0 48 50 52 213 0 0 602 0 0 0 1 12 3 7 0 4 0 18 0 1 0 0 0 0 0 1 58 2 12 6 24 3 3 116 31 20 16 14 428 0 1 0 0 0 0 0 0 0 0 0 0 0 0 0 5
0 0 23615 6 0 4 1 1 0 0 0 1 0 12 0 1 2 11 0 4 2 24 8 2 1 0 1 47 0 0 1 208 0 0 1 597 0 0 0 10 2 6 1 1 0 12 3 0 0 1 2 10 11 57 1 10 0 5 23 2 2 115 30 19 15 13 13 412 0 0 0 3 0 1 1 2 1 1 1 1 0 9 2
0 3 0 23601 6 0 6 3 1 0 1 0 2 8 0 1 2 7 0 2 1 23 7 1 0 0 46 1 0 0 0 204 1 0 0 1 592 0 0 8 1 5 0 0 3 7 2 0 1 2 6 24 44 0 8 0 3 0 22 1 1 114 29 18 14 12 12 410 0 1 6 0 1 2 5 2 2 7 4 1 10 0 0
0 0 2 0 23589 9 1 0 4 2 0 0 1 7 0 1 5 0 1 0 22 0 5 0 1 45 0 2 9 14 197 2 2 0 0 4 1 583 0 7 0 2 1 1 0 6 1 0 1 2 23 17 0 3 3 0 1 0 20 0 0 113 28 17 13 11 11 14 393 8 0 0 1 5 38 28 24 15 14 13 1 1 1
0 0 0 2 0 23574 0 6 0 2 0 0 0 6 0 2 1 0 2 17 3 2 1 0 38 3 1 3 2 97 83 0 0 1 3 0 1 458 122 4 1 1 0 0 2 2 0 0 1 22 0 15 0 1 2 0 2 15 3 0 111 112 27 16 12 10 10 13 381 1 0 0 3 6 41 1 0 0 22 21 20 17 14
1 0 0 0 0 6 23565 0 4 0 1 0 0 1 2 1 0 1 8 4 2 1 0 37 2 0 2 1 0 95 1 80 0 0 2 0 0 455 0 121 3 0 0 0 0 1 1 4 13 5 0 3 9 0 1 1 11 2 0 109 0 4 26 15 11 9 9 12 378 1 0 0 0 210 155 153 26 24 0 0 0 0 1
2 1 0 0 3 0 23556 9 3 2 1 3 2 0 1 0 0 7 2 0 1 0 33 36 1 1 0 1 89 4 0 9 68 0 1 0 1 447 2 0 119 2 1 0 0 0 1 3 3 4 1 0 8 0 0 10 1 0 106 0 1 2 20 14 10 8 8 11 3 371 0 220 218 0 0 1 123 111 3 1 0 1 2
