selke/input/morph/facc.asc
ncols                480
nrows                360
xllcorner     4422000.00
yllcorner     5716000.00
cellsize          100.00
NODATA_value       -9999
[rows 74 to 110 of 360, columns 249 to 331 of 480]
-9999 -9999 -9999 -9999 -9999 -9999 -9999 -9999 -9999 -9999 -9999 -9999 -9999 -9999 -9999 -9999 -9999 -9999 -9999 -9999 -9999 -9999 -9999 -9999 -9999 -9999 0 2 0 45412 1 0 15199 15195 1 0 2 2 4 1 1 0 3 3 0 2 2 4 0 3 1 0 1 2 0 0 0 21 1217 1 0 1 0 2 2 1430 40 39 38 37 36 35 34 33 32 31 30 29 28 27 26 25 24
-9999 -9999 -9999 -9999 -9999 -9999 -9999 -9999 -9999 -9999 -9999 -9999 -9999 -9999 -9999 -9999 -9999 -9999 -9999 -9999 -9999 -9999 -9999 -9999 -9999 -9999 0 0 1 45409 0 15201 0 1 15190 15145 15144 15139 0 2 3 4 0 5 0 6 0 5 0 5 0 2 1 2 3 1 2 1240 2 0 1 2 0 1 2681 1243 1242 1241 1240 1239 1238 1237 1236 1235 1234 1233 1232 1231 1230 1229 1228 1227 1226
-9999 -9999 -9999 -9999 -9999 -9999 -9999 -9999 -9999 -9999 -9999 -9999 -9999 -9999 -9999 -9999 -9999 -9999 -9999 -9999 -9999 -9999 -9999 -9999 -9999 -9999 -9999 0 1 6 45398 2 1 0 39 3 1 0 15129 15122 15121 13 7 1 0 8 6 0 0 7 1 0 3 2 1262 1254 1251 1247 5 1 2 3 1 2720 35 34 33 32 31 30 29 28 27 26 25 24 23 22 21 20 19 18 17
-9999 -9999 -9999 -9999 -9999 -9999 -9999 -9999 -9999 -9999 -9999 -9999 -9999 -9999 -9999 -9999 -9999 -9999 -9999 -9999 -9999 -9999 -9999 -9999 -9999 -9999 -9999 0 2 0 30192 3 2 0 1 36 0 0 0 1 0 15101 15098 4 1 9 8 1 0 8 2 0 5 4052 2785 2784 2783 2782 2781 2780 2779 2775 2770 46 45 44 43 42 41 40 39 38 37 36 35 34 33 32 31 30 29 28 27
-9999 -9999 -9999 -9999 -9999 -9999 -9999 -9999 -9999 -9999 -9999 -9999 -9999 -9999 -9999 -9999 -9999 -9999 -9999 -9999 -9999 -9999 -9999 -9999 -9999 -9999 -9999 0 0 1 30187 1 0 1 0 13 21 5 4 1 0 0 0 15092 26 25 14 4 0 9 0 13732 13727 9667 9666 9665 9664 9663 9662 9661 9660 9659 9658 9657 9656 9655 9654 9653 9652 9651 9650 9649 9648 9647 9646 9645 9644 9643 9642 9641 9640 9639 9638
-9999 -9999 -9999 -9999 -9999 -9999 -9999 -9999 -9999 -9999 -9999 -9999 -9999 -9999 -9999 -9999 -9999 -9999 -9999 -9999 -9999 -9999 -9999 -9999 -9999 -9999 -9999 -9999 0 1 30182 1 0 0 0 11 8 5 1 1 0 0 1 15 15048 14198 14197 0 0 13836 13825 90 89 88 87 86 85 84 83 82 81 80 79 78 77 76 75 74 73 72 71 70 69 68 67 66 65 64 63 62 61 60 59
-9999 -9999 -9999 -9999 -9999 -9999 -9999 -9999 -9999 -9999 -9999 -9999 -9999 -9999 -9999 -9999 -9999 -9999 -9999 -9999 -9999 -9999 -9999 -9999 -9999 -9999 -9999 -9999 0 1 30177 2 1 0 1 8 7 1 0 0 0 0 1 12 3 844 0 14195 14194 355 354 353 352 351 350 349 348 347 346 345 344 343 342 341 340 339 338 337 336 335 334 333 332 331 330 329 328 327 326 325 324 323 304
-9999 -9999 -9999 -9999 -9999 -9999 -9999 -9999 -9999 -9999 -9999 -9999 -9999 -9999 -9999 -9999 -9999 -9999 -9999 -9999 -9999 -9999 -9999 -9999 -9999 -9999 -9999 -9999 0 1 30171 1 0 0 0 7 5 0 0 0 0 1 4 9 2 0 841 445 444 443 442 441 440 439 438 437 436 435 434 433 432 431 430 429 428 427 426 425 424 422 420 418 416 412 408 405 400 62 44 36 2 17 0
-9999 -9999 -9999 -9999 -9999 -9999 -9999 -9999 -9999 -9999 -9999 -9999 -9999 -9999 -9999 -9999 -9999 -9999 -9999 -9999 -9999 -9999 -9999 -9999 -9999 -9999 -9999 -9999 0 1 30166 0 2 0 0 1 4 4 3 1 0 1 0 3 1 0 20 373 21 20 19 18 17 16 15 14 13 12 11 10 9 8 7 6 5 4 3 0 0 0 0 0 2 2 1 3 336 16 6 32 1 0 15
-9999 -9999 -9999 -9999 -9999 -9999 -9999 -9999 -9999 -9999 -9999 -9999 -9999 -9999 -9999 -9999 -9999 -9999 -9999 -9999 -9999 -9999 -9999 -9999 -9999 -9999 -9999 -9999 0 1 20 30141 0 2 0 0 0 3 2 1 0 0 0 0 0 0 18 7 342 16 15 14 13 12 11 10 9 8 7 6 5 4 3 2 1 0 0 0 0 0 0 0 0 1 0 2 335 15 5 31 0 0 13
-9999 -9999 -9999 -9999 -9999 -9999 -9999 -9999 -9999 -9999 -9999 -9999 -9999 -9999 -9999 -9999 -9999 -9999 -9999 -9999 -9999 -9999 -9999 -9999 -9999 -9999 -9999 -9999 0 16 0 30136 4 0 2 0 26 25 21 12 3 2 1 0 0 5 11 6 13 310 16 15 14 13 12 11 10 9 8 7 6 5 4 3 2 1 0 0 0 2 2 0 0 0 1 334 6 7 4 13 16 0 12
-9999 -9999 -9999 -9999 -9999 -9999 -9999 -9999 -9999 -9999 -9999 -9999 -9999 -9999 -9999 -9999 -9999 -9999 -9999 -9999 -9999 -9999 -9999 -9999 -9999 -9999 -9999 10 13 0 6 0 30122 4 0 33 5 1 2 7 7 2 0 0 1 0 10 5 12 2 289 244 243 242 241 240 11 10 9 8 7 6 5 4 3 2 1 0 0 0 3 4 0 0 333 5 3 2 3 12 13 0 11
-9999 -9999 -9999 -9999 -9999 -9999 -9999 -9999 -9999 -9999 -9999 -9999 -9999 -9999 -9999 -9999 -9999 -9999 -9999 -9999 -9999 -9999 -9999 -9999 -9999 -9999 -9999 9 1 4 0 2 0 30112 39 4 3 2 0 1 6 3 0 0 2 6 9 4 11 1 6 36 2 1 0 1 225 218 188 186 183 7 6 5 4 3 2 0 0 1 1 6 5 331 2 1 2 1 2 11 11 0 10
-9999 -9999 -9999 -9999 -9999 -9999 -9999 -9999 -9999 -9999 -9999 -9999 -9999 -9999 -9999 -9999 -9999 -9999 -9999 -9999 -9999 -9999 -9999 -9999 -9999 -9999 2 5 0 3 0 0 0 0 30069 2 1 2 1 0 0 5 2 0 0 1 1 3 10 0 5 5 26 19 1 0 5 28 0 1 11 162 135 132 129 127 4 0 0 1 2 7 320 2 1 0 1 0 1 10 9 0 9
-9999 -9999 -9999 -9999 -9999 -9999 -9999 -9999 -9999 -9999 -9999 -9999 -9999 -9999 -9999 -9999 -9999 -9999 -9999 -9999 -9999 -9999 -9999 -9999 -9999 1 1 4 1 0 342 0 0 0 30065 1 0 0 1 0 0 0 3 1 0 0 0 2 9 4 4 4 5 5 10 0 4 13 13 0 10 25 1 1 0 120 0 2 0 0 3 0 304 0 0 0 0 0 1 7 7 0 8
-9999 -9999 -9999 -9999 -9999 -9999 -9999 -9999 -9999 -9999 -9999 -9999 -9999 -9999 -9999 -9999 -9999 -9999 -9999 -9999 -9999 -9999 -9999 -9999 0 0 0 1 0 341 0 345 0 30062 3 1 0 0 0 4 2 1 0 2 1 0 0 0 3 3 3 3 4 4 5 3 3 12 1 10 9 24 0 0 2 23 92 90 0 0 0 0 300 0 0 0 0 0 4 1 5 0 7
-9999 -9999 -9999 -9999 -9999 -9999 -9999 -9999 -9999 -9999 -9999 -9999 -9999 -9999 -9999 -9999 -9999 -9999 -9999 -9999 -9999 0 0 0 0 0 0 1 2 337 0 1 361 29692 0 0 0 1 7 0 205 203 2 1 0 0 0 0 1 2 2 2 3 3 4 2 2 11 0 9 8 20 2 1 0 22 0 1 86 0 2 20 0 277 22 20 18 16 3 0 3 0 6
-9999 -9999 -9999 -9999 -9999 -9999 -9999 -9999 -9999 -9999 -9999 -9999 -9999 -9999 -9999 -9999 -9999 -9999 -9999 0 0 0 1 2 0 1 3 325 336 0 5 6 12 29690 0 0 13 11 0 207 0 0 199 197 0 2 0 0 0 1 1 1 2 2 3 1 1 10 4 3 7 19 1 0 0 18 0 0 1 81 0 3 12 5 247 11 4 0 15 2 1 0 5
-9999 -9999 -9999 -9999 -9999 -9999 -9999 -9999 -9999 -9999 -9999 -9999 -9999 -9999 -9999 -9999 -9999 -9999 -9999 0 2 4 6 21 0 314 320 6 2 3 0 3 0 29688 29627 29606 29590 29589 210 1 0 0 0 0 194 7 3 0 0 0 0 0 1 1 2 0 0 9 3 2 6 5 12 0 2 0 13 0 0 80 2 0 11 4 234 5 1 0 11 2 1 0 4
-9999 -9999 -9999 -9999 -9999 -9999 -9999 -9999 -9999 -9999 -9999 -9999 -9999 -9999 -9999 -9999 -9999 -9999 0 2 3 6 8 0 311 2 1 5 1 2 0 0 17 0 40 19 0 0 29376 0 1 0 0 0 0 184 181 2 0 0 0 0 0 0 0 0 3 4 2 1 5 4 6 4 1 0 11 0 2 75 1 0 8 3 228 4 4 0 8 1 1 0 3
-9999 -9999 -9999 -9999 -9999 -9999 -9999 -9999 -9999 -9999 -9999 -9999 -9999 -9999 -9999 -9999 -9999 -9999 0 0 1 0 0 230 56 1 0 4 0 1 2 15 0 20 18 15 1 0 5 29368 0 1 3 0 0 0 2 174 1 1 1 0 0 0 0 0 1 3 1 0 4 3 5 3 0 1 8 0 69 4 0 0 6 2 218 8 3 3 3 3 0 0 2
-9999 -9999 -9999 -9999 -9999 -9999 -9999 -9999 -9999 -9999 -9999 -9999 -9999 -9999 -9999 -9999 0 0 0 0 0 0 228 1 51 1 0 3 0 1 9 1 0 18 17 14 0 2 0 35 29328 29326 1 0 0 1 157 0 12 6 1 1 1 1 0 0 0 2 0 0 2 2 4 2 0 2 4 67 0 2 0 0 4 1 209 7 7 2 2 2 2 0 1
-9999 -9999 -9999 -9999 -9999 0 0 0 -9999 -9999 -9999 -9999 0 0 1 0 0 1 1 1 214 225 0 0 48 1 0 2 0 3 4 0 17 13 2 13 0 0 32 1 0 29317 0 2 0 0 1 154 4 3 2 2 0 3 1 0 0 0 0 0 0 1 3 1 1 2 0 65 0 1 0 2 0 0 201 6 6 6 1 1 1 0 0
-9999 -9999 -9999 -9999 -9999 0 1 4 0 0 0 0 0 1 0 2 1 3 141 210 4 2 0 0 39 6 0 1 1 0 3 16 11 0 1 12 0 2 28 0 0 14 29300 2 1 0 0 143 9 8 5 1 4 2 6 4 1 0 1 0 0 0 2 0 0 1 57 0 5 0 0 4 5 200 4 2 2 5 5 0 0 0 0
-9999 -9999 -9999 -9999 0 1 1 0 5 1 3 45 48 0 4 5 112 134 60 4 2 0 1 0 34 2 5 0 0 2 15 9 0 0 9 1 0 21 27 0 11 0 29293 1 0 0 0 0 140 0 1 0 18 9 1 0 0 0 6 3 1 0 0 0 0 0 53 1 0 3 3 0 10 177 1 1 1 1 4 4 2 0 0
-9999 -9999 -9999 0 2 4 10 19 30 31 39 0 15 65 91 102 9 10 23 35 3 1 0 0 33 0 1 4 1 13 0 8 0 8 0 1 20 1 2 8 0 0 29290 0 2 0 0 0 1 136 20 19 1 0 0 0 1 27 19 17 9 1 0 0 3 5 46 0 1 0 2 0 7 153 22 0 0 0 0 3 0 0 49
-9999 -9999 -9999 0 0 1 0 4 3 5 0 5 7 15 8 9 8 9 0 21 34 2 0 0 25 3 0 3 0 12 3 3 4 1 0 2 14 0 1 7 0 1 14 29272 0 1 0 0 0 0 114 109 0 1 1 2 29 0 0 1 4 6 3 0 0 0 3 41 0 1 0 6 0 151 1 19 9 8 6 0 2 0 48
-9999 -9999 -9999 -9999 -9999 0 0 2 2 4 4 6 0 13 7 8 7 8 11 8 8 24 1 23 0 1 0 2 4 6 2 2 3 0 1 11 1 0 2 3 0 10 0 29267 3 0 1 1 3 0 3 2 105 104 36 30 0 0 0 0 0 2 1 2 0 0 1 40 0 0 4 0 1 148 0 6 1 0 0 4 1 0 47
-9999 -9999 -9999 -9999 -9999 -9999 0 0 1 3 3 5 5 6 6 7 6 7 10 7 7 21 1 0 22 0 0 1 3 5 1 1 2 0 7 2 0 1 2 2 7 0 3 0 29257 29198 29195 8 1 0 3 0 1 0 63 8 1 1 0 0 0 0 0 0 0 0 25 13 0 0 1 1 8 108 29 1 3 2 1 0 1 0 16
-9999 -9999 -9999 -9999 -9999 -9999 -9999 0 0 1 2 4 4 5 5 6 5 6 9 6 6 17 2 0 9 10 0 0 2 4 0 0 1 2 3 1 0 1 1 1 1 1 0 41 15 1 0 29182 0 5 0 1 0 24 0 27 4 1 6 4 2 1 0 0 3 24 0 8 1 0 0 1 3 13 93 28 0 6 5 4 2 0 2
-9999 -9999 -9999 -9999 -9999 -9999 -9999 -9999 -9999 0 1 3 3 4 4 5 4 5 8 5 5 13 2 1 5 2 8 1 1 2 0 0 1 0 1 0 0 0 0 0 0 0 1 38 14 0 0 14 29165 1 0 0 19 0 2 0 26 7 0 0 1 0 0 0 0 19 0 0 6 0 0 2 0 11 91 0 27 25 3 2 0 1 1
-9999 -9999 -9999 -9999 -9999 -9999 -9999 -9999 -9999 -9999 0 2 2 3 3 4 3 4 7 4 4 12 1 0 2 1 1 5 0 0 1 0 0 0 0 2 4 5 10 13 18 19 30 37 13 0 11 0 29156 1 0 0 0 17 14 0 0 16 12 10 7 6 0 1 7 0 8 0 0 4 1 0 9 0 83 6 0 13 10 5 1 0 0
-9999 -9999 -9999 -9999 -9999 -9999 -9999 -9999 -9999 -9999 -9999 1 1 2 2 3 2 3 6 3 3 2 8 0 0 0 0 0 4 3 2 1 0 0 0 0 0 3 1 3 0 9 1 3 12 9 0 1 29153 0 2 0 0 0 0 13 0 1 0 0 2 1 3 0 4 0 0 4 2 0 0 5 1 79 2 0 4 1 2 0 4 0 0
-9999 -9999 -9999 -9999 -9999 -9999 -9999 -9999 -9999 -9999 -9999 0 0 1 1 2 1 2 5 2 2 1 2 4 1 0 0 0 0 0 0 0 0 0 1 0 1 0 2 2 7 0 2 4 11 8 0 1 12 29136 0 2 0 3 2 1 11 10 5 3 0 0 0 2 1 1 2 0 1 0 4 0 77 0 0 0 1 1 0 1 1 1 2
-9999 -9999 -9999 -9999 -9999 -9999 -9999 -9999 -9999 -9999 -9999 -9999 -9999 0 0 1 0 1 4 1 1 0 1 0 0 0 1 1 1 1 1 1 1 1 0 2 0 1 1 1 1 1 3 1 3 7 0 8 0 6 29124 0 5 0 1 0 0 0 2 1 1 0 0 1 0 0 0 0 0 0 1 7 12 63 2 1 0 0 0 0 0 0 1
-9999 -9999 -9999 -9999 -9999 -9999 -9999 -9999 -9999 -9999 -9999 -9999 -9999 -9999 -9999 0 0 0 2 0 0 0 0 2 3 1 2 4 0 2 2 2 2 2 1 3 0 0 0 0 0 2 0 2 1 4 2 3 4 0 10 29108 0 2 0 0 0 0 0 10 9 1 0 0 0 0 0 0 0 0 6 0 2 58 0 0 0 0 0 0 0 0 0
-9999 -9999 -9999 -9999 -9999 -9999 -9999 -9999 -9999 -9999 -9999 -9999 -9999 -9999 -9999 -9999 -9999 0 0 -9999 -9999 -9999 0 0 1 6 5 5 1 3 3 3 3 3 2 0 5 0 0 0 1 0 1 0 3 1 2 2 0 8 0 29100 4 0 1 1 1 1 13 0 0 3 1 0 0 0 2 4 0 0 4 0 0 2 54 11 6 2 1 0 2 0 0
