selke/input/morph/facc.asc
ncols                480
nrows                360
xllcorner     4422000.00
yllcorner     5716000.00
cellsize          100.00
NODATA_value       -9999
[rows 296 to 332 of 360, columns 83 to 165 of 480]
0 0 0 0 0 0 0 0 0 0 0 0 0 0 0 3 0 0 0 280 3 0 4494 54 52 2 0 0 0 0 0 0 4 1 2 25 0 12 2 0 0 2 0 0 0 0 1 4 8 15 1 0 0 0 0 0 0 0 0 0 1 1 2070 4 0 0 0 0 1 1 0 0 0 10094 6 5 0 0 165 139 134 129 107
1 1 1 2 1 0 0 0 0 0 2 4 6 2 0 244 0 277 279 2 0 5 0 4562 4 0 0 0 1 1 1 1 5 5 26 0 21 19 0 0 0 0 0 0 0 0 0 1 1 2 0 0 0 0 0 1 2 1 0 0 0 0 0 2074 1 0 0 2 0 2 3 1 0 10085 2 0 4 23 0 2 1 10 2
1 17 23 27 34 36 38 0 1 1 0 0 0 7 237 0 271 1 0 1 0 2 5 0 4563 0 1 0 0 2 4 2 13 0 56 28 1 0 0 0 2 0 0 0 2 1 0 0 1 1 3 6 11 13 0 2 8 3 0 0 0 1 2080 0 0 1 3 0 8 0 0 10070 10079 4 1 0 3 0 21 1 0 1 7
12 1 0 0 0 0 2 43 46 53 55 56 1 224 0 2 17 3 0 0 1 4 1 3 11 4567 0 1 0 1 90 78 63 60 1 1 0 0 0 1 4 0 1 1 3 2 0 0 0 0 1 1 1 2 14 0 0 14 2 0 0 0 0 2082 0 0 0 5 9 0 10063 2 1 0 2 0 2 2 0 16 0 0 4
0 0 0 0 0 0 0 0 0 0 0 0 216 0 2 1 16 1 0 0 3 0 0 6 0 17 4590 0 1 93 0 0 0 0 0 0 0 0 1 2 6 0 2 2 7 1 0 0 0 0 0 0 0 0 3 16 0 19 0 0 0 1 0 0 2085 0 0 0 9541 10057 1 0 0 0 0 0 1 1 0 15 3 1 1
0 0 0 42 46 47 0 1 2 3 0 155 0 0 1 0 11 3 0 0 1 2 5 1 3 0 10 4602 98 1 2 0 0 0 0 0 0 0 3 0 11 0 19 14 2 0 1 1 1 0 0 0 0 1 3 21 1 21 1 0 0 1 4 2 2086 0 3 9524 1 511 0 0 0 0 0 0 0 0 0 6 1 0 0
4 7 40 0 0 2 51 52 53 0 137 5 8 0 0 0 5 3 2 0 1 1 0 0 3 6 1 0 4710 3 0 0 2 0 5 2 0 0 1 4 36 21 0 0 0 0 3 2 3 0 0 1 1 3 0 6969 6972 24 0 1 0 1 0 7383 9472 9502 9516 0 0 0 508 506 3 0 7 4 2 0 1 2 0 0 0
1 28 0 0 0 0 0 0 1 126 4 0 3 6 0 0 3 2 1 0 0 0 1 2 0 0 0 1 0 4830 4832 5 0 7 1 0 0 0 1 44 4 3 0 0 0 1 5 7 1 0 0 1 4 0 6942 0 0 7002 7349 0 0 7366 7374 4 0 28 1 9 7 0 0 0 500 9 0 0 0 0 0 0 0 0 0
6 17 0 0 0 1 17 18 66 1 0 3 2 2 1 0 1 1 0 1 2 3 0 0 0 0 0 112 116 1 0 4847 0 11 0 0 0 2 0 53 0 0 0 0 2 4 13 10 0 0 1 1 2 6931 2 0 0 1 341 7353 7362 5 0 0 2 27 0 0 4 0 0 2 3 482 2 0 0 0 0 0 0 1 0
14 1 0 6 9 11 0 0 46 1 0 2 1 0 0 0 0 0 0 0 2 3 4 6 89 93 111 0 1 0 2 5 4860 0 1 0 0 4 0 58 1 0 0 0 0 0 3 31 33 1 0 2 0 6922 0 0 0 1 338 2 0 1 2 0 0 2 23 0 0 2 0 0 1 1 476 0 1 1 1 1 1 3 0
1 0 4 0 0 0 13 36 4 0 0 1 0 0 1 0 0 0 0 0 0 1 75 80 1 5 8 0 0 1 1 0 7 4887 0 2 0 0 67 0 0 0 0 1 1 1 0 0 0 35 2 4 6914 5 1 0 0 1 337 0 0 0 0 0 1 1 4 14 0 0 0 0 0 0 474 453 447 444 439 434 430 386 9
0 1 1 2 5 11 0 19 0 3 0 0 0 2 4 12 0 0 1 1 0 66 1 3 0 4 6 0 0 0 3 5 0 13 4894 0 1 70 0 0 1 0 0 1 4 0 0 0 0 0 37 0 6904 0 2 0 0 0 1 332 0 1 0 0 0 0 2 2 9 2 0 0 1 15 2 2 1 1 1 0 40 0 369
0 0 1 1 0 3 0 3 13 0 1 0 0 0 2 0 17 19 0 3 63 0 0 2 2 0 4 0 1 2 0 0 9 1 1 4901 0 72 0 0 3 0 0 3 5 1 1 0 1 1 0 6894 7 1 0 0 0 2 5 330 316 0 0 0 0 0 0 1 0 4 0 2 8 3 1 1 0 0 0 0 39 0 26
0 0 0 0 1 0 2 1 1 7 1 0 0 1 0 1 0 5 26 49 4 1 0 0 1 1 1 0 0 1 5 7 0 0 0 2 4976 0 0 1 5 0 0 5 6 2 2 1 2 0 6824 6853 0 4 1 0 0 1 1 2 1 312 1 1 0 0 0 0 1 1 1 0 3 2 0 0 0 1 17 26 10 16 7
3 5 0 0 0 0 0 0 0 0 3 1 0 0 1 2 3 7 11 9 1 1 0 0 0 0 0 0 1 2 0 0 0 0 0 0 1204 6184 0 2 6 1 0 7 6307 6801 6807 6811 6817 6821 13 2 9 0 0 0 0 0 0 0 0 0 307 211 1 1 1 0 0 0 0 0 1 1 1 7 12 14 6 0 9 15 4
0 1 9 1 0 1 0 0 2 1 0 0 0 0 1 2 6 1 0 6 1 0 0 0 0 1 0 2 0 0 0 0 1 2 1199 1201 0 17 6215 6221 6231 6280 6285 6291 0 489 1 0 1 1 2 9 1 8 2 0 0 0 0 0 0 90 0 2 205 2 0 0 0 0 0 0 0 0 3 0 3 0 5 7 0 14 2
2 0 0 11 16 2 2 5 1 0 0 0 0 1 0 0 1 0 1 2 0 0 0 0 1 0 2 0 3 1 2 1183 1189 1194 0 0 12 3 11 1 1 45 2 0 2 488 0 0 0 0 1 2 5 0 4 0 0 1 1 3 18 69 0 1 0 198 0 2 0 2 0 0 0 0 1 1 0 1 2 6 0 10 1
1 3 1 0 1 21 34 1 0 0 1 1 1 2 1 0 0 0 0 0 0 0 0 1 1 2 4 8 10 15 1177 0 2 0 2 0 10 2 10 0 0 44 1 0 0 1 485 479 0 0 0 1 2 1 1 0 0 4 11 12 2 67 1 0 0 195 0 10 5 1 0 2 1 0 0 0 0 1 4 0 5 3 0
2 52 2 0 0 0 0 39 0 1 2 2 2 3 2 1 0 0 0 0 0 2 5 0 2 7 9 11 12 13 1158 1 0 0 1 8 0 1 8 0 0 42 0 0 0 1 2 1 474 1 0 0 1 0 0 0 1 2 0 1 0 60 0 0 0 1 189 12 0 1 0 7 1 0 0 0 0 1 1 1 2 2 0
40 1 53 3 0 0 0 0 44 0 3 0 6 4 5 1 0 0 2 5 8 9 10 17 1 0 0 0 2 1139 1 0 0 0 2 4 0 6 0 2 3 33 2 0 0 1 0 0 470 0 0 0 0 0 0 0 0 0 0 0 1 55 0 0 0 0 1 172 168 2 10 0 0 4 2 0 0 0 0 1 0 0 0
0 0 0 55 62 0 0 1 2 49 0 5 12 6 2 2 0 0 0 0 0 0 0 0 19 0 0 0 0 0 1133 0 0 0 0 3 4 0 1 1 19 10 1 0 0 1 2 8 467 1 1 0 0 0 1 2 0 0 0 0 1 54 0 1 0 0 0 0 0 164 104 0 8 1 0 0 0 0 0 0 2 5 25
0 0 0 0 1 64 0 0 0 0 50 58 20 12 8 2 1 0 0 0 0 1 1 1 0 21 1 0 0 0 1131 1 1 0 0 1 3 0 0 8 7 7 1 0 0 1 4 3 0 450 4 0 22 20 16 4 0 0 8 19 26 0 22 0 0 1 0 0 58 0 91 54 42 0 1 0 2 0 0 0 1 8 7
1 1 2 0 0 69 0 0 1 2 0 0 94 0 0 0 0 0 1 1 1 1 2 5 42 46 70 76 80 83 1127 3 0 0 0 0 1 1 7 0 5 4 1 0 0 1 1 0 0 0 442 26 0 1 2 2 1 5 0 7 5 0 4 12 0 1 17 53 1 0 35 0 0 40 35 34 27 3 1 0 1 5 0
34 39 46 47 50 51 183 186 190 192 197 213 311 0 0 0 0 1 1 2 2 2 24 31 0 2 0 1 1 1 0 1037 2 0 0 0 0 0 3 0 3 2 0 0 0 0 0 0 0 408 2 2 1 0 1 1 0 4 2 3 4 2 0 11 0 12 2 0 29 0 0 33 0 0 0 0 3 18 5 0 0 3 0
0 0 0 0 48 57 1 0 0 0 0 12 0 315 2 0 0 1 4 7 11 18 0 2 1 1 0 0 0 0 1 1031 0 1 0 0 1 0 1 0 1 0 0 0 0 0 0 2 401 4 0 1 1 0 0 0 1 1 1 2 3 1 3 6 0 8 1 0 26 1 0 0 30 0 0 0 1 2 8 4 1 0 1
0 1 40 47 3 2 0 0 1 5 11 0 3 321 0 2 0 0 0 0 0 0 0 1 0 0 0 0 0 0 991 37 15 11 10 5 1 0 0 0 0 0 0 0 1 1 245 250 145 0 1 0 0 0 0 0 0 0 0 0 2 0 2 5 0 6 0 8 3 10 2 0 0 26 5 2 0 1 5 1 1 0 0
22 33 3 5 0 1 1 0 2 2 1 0 0 0 323 330 1 0 0 2 0 0 0 0 0 1 0 2 4 982 6 1 18 0 0 0 0 0 0 2 0 0 1 1 5 243 0 2 1 142 0 0 0 0 1 0 0 0 0 0 0 1 1 2 0 5 2 4 2 5 0 1 14 1 1 1 1 0 2 1 0 0 -9999
1 9 2 2 1 0 0 1 1 0 0 0 0 0 0 0 352 0 0 4 2 1 0 0 0 0 3 4 5 975 5 2 0 17 3 2 0 0 2 5 3 1 1 5 233 0 0 1 0 1 138 130 0 3 1 0 1 2 0 0 0 0 0 0 0 2 1 3 1 2 1 0 12 0 0 0 0 0 0 0 0 -9999 -9999
3 4 1 0 0 0 0 0 0 0 1 4 7 10 12 16 1 361 368 376 381 386 389 1 0 0 0 1 4 968 1 0 1 2 9 1 0 0 1 1 8 15 0 45 225 0 0 0 0 3 2 0 125 118 106 104 100 4 2 0 0 0 0 0 0 0 0 2 0 1 0 9 0 0 -9999 -9999 -9999 -9999 -9999 -9999 -9999 -9999 -9999
0 3 0 0 0 0 0 0 0 1 0 0 0 0 2 0 3 0 4 1 0 1 1 395 2 0 0 1 1 0 959 0 0 1 4 1 0 0 0 0 20 26 44 0 1 174 1 0 0 1 1 2 2 1 2 0 1 92 0 1 1 1 1 0 0 0 0 0 0 0 7 0 -9999 -9999 -9999 -9999 -9999 -9999 -9999 -9999 -9999 -9999 -9999
1 0 0 0 1 2 0 1 1 1 2 0 0 0 0 0 1 1 1 0 0 0 0 0 401 0 0 0 0 1 955 2 0 0 1 1 0 0 0 18 2 1 0 0 0 170 0 0 0 0 0 1 1 0 1 0 2 16 67 2 0 4 1 4 2 0 0 0 1 4 0 -9999 -9999 -9999 -9999 -9999 -9999 -9999 -9999 -9999 -9999 -9999 -9999
0 0 1 3 5 5 1 2 2 2 0 4 1 0 0 0 0 0 0 0 0 1 3 5 7 412 0 0 0 949 0 0 0 0 0 0 0 1 16 0 0 0 0 1 2 45 118 1 0 0 0 0 0 0 0 1 15 5 10 44 30 12 9 3 2 1 -9999 -9999 0 0 -9999 -9999 -9999 -9999 -9999 -9999 -9999 -9999 -9999 -9999 -9999 -9999 -9999
1 5 7 10 13 20 29 33 3 3 1 0 8 0 0 2 0 0 0 0 1 0 0 0 0 0 834 837 945 1 0 0 1 0 0 0 1 8 3 0 2 3 4 5 6 36 0 114 1 1 0 0 0 0 4 14 4 8 0 0 11 10 7 4 1 0 -9999 -9999 -9999 -9999 -9999 -9999 -9999 -9999 -9999 -9999 -9999 -9999 -9999 -9999 -9999 -9999 -9999
1 0 1 1 2 6 7 8 53 58 65 90 110 1 0 5 0 0 2 0 3 0 0 0 0 417 0 0 1 104 94 90 87 3 0 0 0 4 2 0 0 1 8 13 29 5 0 0 109 21 4 2 0 2 3 4 3 3 3 3 4 1 1 1 1 0 -9999 -9999 -9999 -9999 -9999 -9999 -9999 -9999 -9999 -9999 -9999 -9999 -9999 -9999 -9999 -9999 -9999
-9999 0 0 1 2 2 5 9 0 11 22 7 1 111 116 133 0 1 3 1 0 5 378 380 412 0 0 0 1 6 2 0 0 79 9 0 0 2 1 0 2 5 3 3 10 1 1 76 9 2 12 1 0 1 2 3 2 2 2 2 1 1 0 0 0 -9999 -9999 -9999 -9999 -9999 -9999 -9999 -9999 -9999 -9999 -9999 -9999 -9999 -9999 -9999 -9999 -9999 -9999
-9999 -9999 0 1 1 1 2 2 9 0 8 6 0 0 8 4 147 151 157 162 166 371 0 4 22 1 0 0 0 4 0 0 0 67 0 6 2 1 0 0 1 2 2 6 2 0 0 75 5 0 1 9 2 0 1 2 1 1 1 0 0 0 0 -9999 -9999 -9999 -9999 -9999 -9999 -9999 -9999 -9999 -9999 -9999 -9999 -9999 -9999 -9999 -9999 -9999 -9999 -9999 -9999
-9999 -9999 0 0 0 1 1 2 2 7 3 1 0 7 3 1 4 0 0 1 1 203 1 0 0 20 1 0 0 1 0 0 54 4 5 1 2 1 0 0 1 1 1 3 0 0 0 74 1 1 0 2 2 1 0 1 0 0 0 -9999 -9999 -9999 -9999 -9999 -9999 -9999 -9999 -9999 -9999 -9999 -9999 -9999 -9999 -9999 -9999 -9999 -9999 -9999 -9999 -9999 -9999 -9999 -9999
