selke/input/morph/slope.asc
ncols                480
nrows                360
xllcorner     4422000.00
yllcorner     5716000.00
cellsize          100.00
NODATA_value       -9999
[rows 168 to 195 of 360, columns 315 to 377 of 480]
3.137 2.921 2.664 2.132 2.074 1.978 1.137 1.123 1.013 0.706 0.648 0.666 0.663 0.658 0.463 0.318 1.747 3.420 2.790 1.355 0.767 0.799 0.800 0.612 0.372 2.242 5.508 3.317 0.466 0.868 2.017 3.681 4.041 3.727 2.544 0.718 0.569 2.166 4.646 6.118 6.134 5.051 3.333 1.992 0.709 0.861 1.558 1.621 1.599 1.682 1.764 1.691 1.553 2.114 2.393 1.884 1.708 1.452 1.122 0.870 0.581 0.328 0.214
2.706 2.786 2.650 2.056 1.916 1.858 0.969 0.724 0.599 0.416 0.456 0.590 0.753 0.882 0.978 1.147 1.843 3.491 3.311 1.755 0.782 0.691 0.871 0.777 0.614 3.566 5.867 2.030 0.710 0.533 0.739 1.924 3.052 3.731 3.906 2.819 1.222 0.299 1.243 2.966 4.608 6.009 6.516 6.465 5.859 4.167 1.828 0.023 0.890 1.184 1.432 1.603 1.683 2.163 2.221 1.703 1.639 1.467 1.230 0.965 0.736 0.499 0.448
1.763 1.662 2.148 2.012 1.746 1.621 0.997 0.490 0.323 0.184 0.417 0.632 0.773 0.889 0.854 0.713 1.341 3.552 3.635 1.578 0.521 0.515 0.656 0.704 0.681 4.764 5.456 0.711 0.614 0.582 0.678 1.091 1.857 2.547 3.199 3.012 2.350 1.856 0.965 0.273 1.491 3.114 4.348 4.962 5.806 6.578 6.330 4.999 3.361 1.901 0.454 0.759 1.258 1.963 2.084 1.419 1.265 1.211 1.233 1.223 1.036 0.835 0.777
1.516 1.247 1.850 1.963 1.753 1.586 1.173 0.827 0.358 0.371 0.494 0.716 0.862 1.049 1.089 0.868 1.796 4.093 3.603 0.941 0.425 0.519 0.564 0.527 0.465 5.059 4.978 0.452 0.564 0.656 0.624 0.460 0.895 1.571 2.213 2.358 3.165 3.144 2.332 1.454 0.913 0.409 0.573 1.502 2.205 3.395 4.956 6.024 5.982 5.417 4.495 3.117 1.673 0.662 1.530 1.460 1.184 1.070 1.204 1.450 1.516 1.499 1.370
1.866 1.440 1.431 1.561 1.687 1.580 1.148 0.955 0.537 0.642 0.748 0.977 1.184 1.308 1.418 1.443 2.851 4.273 2.789 0.942 0.850 0.811 0.794 0.526 0.388 4.994 4.798 0.449 0.538 0.596 0.496 0.443 0.756 1.376 1.909 2.858 3.062 3.146 2.920 2.977 3.214 3.035 2.197 0.805 0.322 0.749 1.062 1.878 2.952 4.124 5.133 5.450 5.042 3.306 0.645 1.564 1.460 1.222 1.247 1.436 1.572 1.691 1.794
1.838 1.525 1.168 1.117 1.385 1.317 0.943 0.961 0.822 1.134 1.322 1.531 1.584 1.495 1.519 2.020 4.142 4.089 1.655 0.892 0.781 0.787 0.957 0.619 0.586 5.075 4.788 0.723 0.546 0.575 0.556 0.477 0.713 1.506 2.088 1.900 2.008 2.749 3.334 3.641 3.892 4.254 4.475 3.852 2.581 1.608 0.979 0.693 0.462 0.718 1.615 2.675 3.827 5.118 3.860 0.308 1.127 1.466 1.512 1.575 1.506 1.380 1.424
1.612 1.524 1.127 0.972 1.363 1.267 0.878 1.151 1.565 2.081 2.205 2.135 1.878 1.549 1.278 2.529 4.895 3.805 1.064 0.564 0.392 0.540 0.890 0.699 2.327 5.842 3.967 0.650 0.626 0.678 0.626 0.333 0.375 0.548 0.732 0.859 1.441 2.384 3.244 3.437 3.455 3.775 4.283 4.633 4.139 3.053 2.179 1.868 1.526 1.127 0.795 0.414 0.617 3.405 5.295 4.068 1.870 0.281 1.029 1.464 1.660 1.512 1.228
1.392 1.440 1.139 0.940 1.335 1.453 1.351 1.556 1.909 2.071 1.929 1.778 1.476 0.983 1.188 3.308 4.765 3.193 1.056 0.676 0.470 0.551 0.986 1.101 4.311 5.529 1.882 0.375 0.603 0.842 0.815 0.677 0.742 0.897 0.940 1.162 1.713 2.230 2.689 3.227 3.562 3.605 3.773 4.237 4.809 5.003 4.880 4.649 3.655 2.132 1.147 0.945 0.693 0.846 3.055 4.525 4.504 3.228 1.570 0.435 0.984 1.363 1.357
1.219 1.277 1.123 0.930 1.105 1.287 1.262 1.185 1.048 0.937 0.894 0.754 0.495 0.779 2.572 4.520 4.102 2.118 0.942 0.713 0.643 0.750 0.860 2.121 5.345 3.449 0.415 0.471 0.615 0.836 1.095 1.349 1.569 1.705 1.698 2.009 2.644 3.075 3.281 3.602 3.762 3.647 3.894 4.579 5.449 6.144 6.022 5.287 4.767 3.261 1.209 0.627 0.633 0.422 0.526 2.107 3.426 4.184 4.004 2.914 1.521 0.149 0.960
1.153 1.115 1.292 1.402 1.414 1.244 0.891 0.665 0.549 0.598 0.771 0.368 0.244 1.662 4.169 4.622 2.561 1.179 0.831 0.462 0.508 0.428 0.460 3.359 4.976 1.800 0.640 0.750 0.790 0.602 0.719 1.219 1.583 1.713 1.935 2.501 3.420 4.298 5.182 5.495 4.909 4.264 3.949 3.680 3.491 3.525 3.401 3.332 4.310 3.986 2.076 1.089 1.025 0.967 0.511 0.517 1.362 2.405 3.542 4.082 4.133 3.542 2.378
1.830 1.937 2.138 2.313 2.265 1.781 1.060 0.863 0.890 0.764 0.608 0.126 2.221 4.577 5.005 3.379 1.422 0.901 0.628 0.317 0.145 0.961 3.068 4.870 3.935 0.910 1.116 1.579 1.877 1.519 1.254 1.403 1.782 2.610 3.642 4.678 5.574 6.049 6.279 5.514 4.384 3.284 2.521 1.744 1.191 1.227 1.772 2.542 2.850 2.981 3.206 3.424 3.210 2.628 1.589 0.697 0.404 0.754 1.367 2.056 3.015 3.481 3.315
3.023 3.166 3.228 3.225 3.244 2.693 1.465 1.181 0.886 0.557 0.078 1.932 4.941 4.873 2.815 1.667 1.002 0.740 0.350 0.475 0.954 3.795 5.278 4.572 2.617 1.296 1.905 2.427 2.740 2.778 2.390 2.212 2.505 3.328 4.276 5.587 6.258 5.464 3.656 2.370 2.690 2.215 1.879 1.694 1.769 1.679 1.333 1.980 3.468 5.030 6.385 6.770 6.309 5.641 3.804 1.723 1.180 0.948 0.659 0.414 0.840 1.153 1.367
4.264 4.837 5.080 4.931 4.904 4.080 2.213 1.556 1.242 2.472 3.551 4.452 4.468 1.986 0.684 0.888 0.863 0.722 0.408 0.530 2.923 5.322 3.650 1.862 1.923 2.405 3.017 3.019 2.850 2.874 2.754 2.689 2.758 3.110 3.780 4.501 3.870 2.396 1.259 1.982 2.351 2.262 2.048 1.962 1.597 3.053 6.714 10.111 12.523 12.765 10.678 8.540 7.635 7.819 6.496 3.214 1.815 1.077 0.565 0.272 0.740 1.023 0.693
5.579 3.889 2.593 4.082 3.632 3.233 2.981 3.452 4.396 4.640 4.040 3.333 2.137 0.894 0.584 0.549 0.950 1.165 0.867 2.335 5.245 5.005 3.223 3.060 3.653 3.981 3.894 3.545 3.245 2.763 2.386 2.633 3.052 3.331 3.670 3.522 2.084 0.584 0.979 2.120 2.318 2.171 2.024 1.895 2.144 5.967 8.353 9.715 10.720 11.194 10.847 9.093 6.908 7.023 6.849 4.344 3.054 1.803 0.971 0.449 0.549 0.839 0.589
4.215 9.506 10.847 10.009 8.480 6.676 6.366 5.085 4.177 2.479 1.078 0.819 0.806 0.556 0.389 0.807 1.188 1.514 2.263 5.211 5.883 4.368 4.119 4.779 5.254 5.134 4.808 4.288 4.031 3.534 2.931 3.002 3.195 3.074 2.958 2.366 1.109 0.604 0.819 1.656 2.186 2.154 2.092 1.919 3.117 5.885 5.367 4.549 3.568 3.256 6.254 7.856 7.393 7.736 7.272 5.459 4.836 3.695 2.279 1.185 0.230 0.638 0.679
13.340 11.360 6.699 3.235 3.252 3.947 3.040 1.045 0.713 0.515 0.537 0.604 0.666 0.428 0.577 1.270 1.280 1.623 3.397 5.266 4.138 3.382 3.707 3.803 4.113 4.250 4.319 4.054 4.224 4.013 3.532 3.288 3.087 2.851 2.739 2.394 1.724 1.329 1.171 1.627 2.341 2.569 2.715 2.850 3.028 4.250 3.852 3.902 3.876 2.115 1.249 4.963 6.876 8.752 8.552 6.417 5.765 5.450 4.684 3.265 1.937 1.044 0.979
6.702 2.851 0.881 0.413 0.374 0.373 0.391 0.569 0.668 0.750 0.799 0.756 1.117 2.338 2.925 2.204 1.540 1.801 3.537 4.091 2.890 2.452 2.437 2.312 2.026 1.564 1.376 1.718 3.091 3.732 3.534 3.641 3.791 3.494 3.085 2.822 2.567 2.593 2.465 2.306 2.580 2.877 3.288 3.708 3.184 2.222 2.557 3.357 4.249 4.207 2.469 1.500 3.557 6.244 7.287 5.989 5.311 5.205 5.495 5.049 3.973 2.878 2.002
0.205 0.414 0.471 0.412 0.580 0.591 0.553 0.659 0.837 1.119 1.647 2.491 3.493 4.080 3.460 2.455 1.949 1.859 2.564 3.057 2.036 1.821 2.380 2.989 3.380 3.425 2.963 2.200 0.190 2.088 2.786 3.161 3.697 3.770 3.539 3.115 2.606 2.431 2.510 2.542 2.701 2.972 3.306 3.598 3.638 3.110 1.901 1.199 2.374 3.406 3.632 2.985 2.662 3.697 4.746 4.766 4.342 4.015 4.167 4.437 4.024 2.947 1.771
0.324 0.414 0.444 0.480 0.638 0.682 0.596 0.561 0.634 1.306 2.712 4.003 4.069 2.800 2.083 2.390 2.652 2.693 1.674 1.798 2.672 2.958 3.248 3.684 4.139 4.168 3.802 3.775 3.445 1.482 0.692 1.694 2.055 2.251 2.714 2.893 2.642 2.443 2.449 2.620 2.919 3.326 3.735 3.704 3.257 2.910 2.652 2.020 1.288 1.000 1.867 3.244 4.131 3.629 2.798 3.263 2.910 2.897 2.776 2.816 3.051 2.577 1.511
0.433 0.556 1.608 3.573 4.003 2.824 2.111 1.930 1.962 3.078 3.307 2.644 1.797 1.555 1.676 1.868 1.818 2.177 2.426 1.546 0.875 0.585 1.281 1.838 2.713 3.506 2.848 2.686 3.664 3.256 1.842 1.787 1.808 1.375 0.973 0.826 1.101 2.002 2.871 3.406 3.768 4.039 4.233 4.134 3.766 3.164 2.838 2.768 2.484 1.611 0.904 1.357 2.381 2.577 2.927 3.379 2.917 2.815 2.297 2.028 2.251 2.179 2.262
0.846 2.524 4.756 5.083 4.634 4.319 4.375 4.436 3.747 3.405 2.218 1.240 0.679 0.892 0.967 0.944 0.598 1.058 1.155 2.122 2.458 2.300 2.216 2.056 1.275 2.332 2.059 1.745 2.664 2.829 2.515 2.632 2.525 2.098 2.195 2.242 1.774 1.197 2.007 3.249 4.255 4.623 4.184 3.815 3.861 3.683 3.265 2.885 2.609 2.316 2.208 2.241 2.551 2.146 2.345 2.724 2.556 2.425 1.789 1.372 1.530 2.064 2.491
3.804 5.108 4.521 2.140 2.169 2.501 3.012 3.308 2.542 1.490 0.857 0.842 0.795 0.886 1.151 1.434 1.142 0.874 0.737 1.000 1.372 1.701 2.423 2.600 2.314 1.764 1.618 1.543 2.140 2.100 1.819 2.141 2.328 2.455 2.476 2.485 2.759 2.454 2.064 2.419 2.732 2.740 2.618 2.557 2.630 2.811 2.869 2.407 2.148 2.386 2.512 2.477 2.749 3.114 2.890 2.284 2.122 1.821 1.377 1.605 2.116 2.052 1.799
4.990 3.211 1.436 0.834 1.538 0.960 0.622 1.185 1.309 0.831 0.769 0.827 0.955 0.936 1.231 1.797 1.962 1.267 0.910 0.936 1.192 1.512 1.602 1.376 1.850 2.042 1.597 1.167 1.509 1.804 1.757 1.906 2.141 2.200 2.111 2.347 2.828 3.014 2.883 1.936 0.998 0.386 0.856 1.321 1.684 1.768 2.015 2.110 1.822 1.989 2.462 2.704 2.985 3.175 2.827 2.520 2.350 1.961 2.249 2.459 2.264 2.271 2.247
2.186 0.771 0.614 0.663 1.269 0.960 0.434 0.812 1.143 0.940 0.902 1.045 1.309 1.569 1.684 1.641 1.820 1.522 1.119 1.261 1.287 1.335 1.316 1.187 1.349 1.690 2.021 2.073 1.440 0.949 1.317 1.479 1.560 1.660 2.171 2.582 2.651 2.996 3.243 2.860 2.255 1.453 0.702 0.293 0.904 1.122 1.434 1.982 2.088 2.096 2.496 2.905 3.095 3.034 2.486 2.011 1.979 2.544 2.786 2.542 2.464 2.593 2.596
1.059 1.113 1.080 0.958 1.324 1.249 0.765 0.766 0.983 1.167 1.294 1.488 1.765 2.096 2.094 1.797 1.841 1.652 1.487 1.670 1.523 1.446 1.363 1.177 1.227 1.437 1.632 1.887 1.849 1.337 0.929 0.713 0.964 1.117 1.895 2.609 2.659 3.038 3.031 2.583 2.442 1.963 1.285 0.847 0.366 0.462 1.077 1.627 2.083 2.443 3.023 3.430 2.957 3.888 3.365 2.350 3.179 3.588 3.384 3.074 2.954 2.813 2.609
1.609 1.654 1.520 1.408 1.629 1.506 1.032 0.998 1.040 1.301 1.514 1.685 1.707 1.511 1.393 1.536 1.990 1.871 1.697 1.716 1.608 1.522 1.405 1.435 1.677 1.711 1.743 1.963 1.823 1.698 1.536 1.476 1.523 1.383 1.313 1.759 1.957 2.538 2.627 1.969 1.710 1.522 0.948 0.579 0.473 -9999.000 0.105 0.521 1.123 2.023 3.229 4.165 5.116 6.428 6.095 5.379 5.298 4.747 4.358 3.997 3.698 3.419 3.300
1.881 1.653 1.424 1.409 1.797 1.808 1.380 1.451 1.486 1.803 2.059 2.013 1.712 1.439 1.356 1.427 1.904 1.863 1.691 1.792 1.849 1.947 2.177 2.699 3.119 3.085 2.995 3.034 2.629 2.134 1.599 1.629 1.633 1.713 1.732 1.672 1.799 2.200 2.224 1.750 1.624 1.514 1.021 0.566 0.223 -9999.000 -9999.000 -9999.000 0.628 0.934 2.000 2.967 3.669 5.432 6.168 5.690 5.257 4.905 4.722 4.352 4.141 4.011 3.873
2.400 1.940 1.528 1.363 1.756 1.892 1.634 1.813 1.819 1.966 2.039 1.949 1.737 1.773 1.898 1.771 1.869 1.486 1.935 2.408 2.537 2.752 3.006 3.458 3.954 4.608 5.149 4.964 4.363 3.512 2.144 1.969 1.716 1.410 1.065 1.176 1.762 1.952 1.754 1.412 1.656 1.568 1.224 0.749 0.107 -9999.000 -9999.000 -9999.000 -9999.000 0.381 0.960 1.098 1.268 2.755 4.188 4.271 4.131 4.480 5.060 5.286 5.203 4.910 4.468
