selke/input/morph/slope.asc
ncols                480
nrows                360
xllcorner     4422000.00
yllcorner     5716000.00
cellsize          100.00
NODATA_value       -9999
[rows 280 to 307 of 360, columns 63 to 125 of 480]
9.896 13.175 15.040 15.584 14.813 13.586 6.521 8.256 12.471 10.487 7.562 6.239 6.514 6.803 6.155 4.275 2.033 3.896 4.817 5.261 5.744 6.098 7.089 5.632 6.217 6.314 3.837 1.520 4.243 6.331 5.766 3.642 4.877 8.913 7.401 4.430 30.276 31.864 7.869 8.841 7.425 6.421 5.591 4.907 4.235 4.034 4.623 4.866 3.928 2.292 1.947 2.771 3.321 4.129 4.094 4.075 4.475 5.679 6.718 7.071 7.392 6.905 6.932
5.445 7.969 10.891 13.222 13.937 15.703 16.752 12.058 7.522 5.078 4.541 3.888 4.051 2.059 1.701 6.725 10.778 11.171 9.936 8.463 6.502 2.308 3.110 6.150 8.244 8.806 5.276 2.060 3.645 4.965 3.382 2.916 4.426 5.510 5.440 5.306 19.003 34.038 13.277 6.341 6.815 6.072 5.134 4.580 3.917 3.683 4.749 5.010 4.585 3.817 2.805 3.823 4.713 5.843 5.678 5.005 4.603 4.497 4.843 5.264 6.234 7.520 8.145
1.267 2.322 4.103 5.892 7.962 10.677 12.388 11.701 10.130 9.488 5.286 7.720 14.128 16.837 17.695 16.771 12.527 8.381 6.571 6.674 7.406 8.412 5.083 2.405 9.560 13.846 10.704 3.257 2.331 3.925 4.696 4.807 3.901 3.878 5.601 2.043 12.176 26.333 15.098 3.785 6.848 6.781 5.919 4.917 3.839 4.060 5.168 4.755 3.636 4.112 5.150 6.092 5.841 5.476 4.274 3.421 3.023 2.762 1.910 0.830 0.697 3.230 4.499
2.827 3.370 5.266 7.448 9.795 10.953 10.810 10.525 10.011 9.448 3.647 18.732 25.462 27.337 22.965 14.504 8.277 6.161 5.553 5.662 6.575 8.619 10.062 7.700 2.010 8.334 14.781 9.573 1.517 1.882 3.597 5.740 6.034 6.489 8.087 3.733 17.498 22.700 11.896 5.171 7.774 7.410 6.271 4.633 3.245 2.354 2.085 3.425 4.383 3.552 2.419 2.989 3.223 4.088 4.546 4.668 4.904 5.000 4.426 4.761 5.106 4.177 3.426
16.271 17.005 17.054 18.226 18.264 15.964 13.149 9.345 3.783 6.640 13.459 19.154 17.102 13.883 15.174 12.694 7.499 5.308 5.052 5.520 5.897 6.328 8.227 9.758 8.788 3.292 9.055 15.794 8.910 2.776 3.429 4.366 3.661 4.813 9.235 1.884 22.311 20.093 4.832 10.807 10.738 8.159 5.870 4.356 2.126 1.427 4.761 7.429 8.753 9.058 9.179 9.444 9.127 8.242 7.614 7.145 6.324 5.649 4.991 6.300 7.332 7.638 7.527
17.939 17.930 18.817 18.236 14.467 10.108 4.805 5.590 17.858 26.456 26.673 16.253 10.337 8.595 8.593 17.057 10.726 6.518 5.057 4.509 4.632 5.449 6.716 8.282 9.343 9.733 3.951 10.070 15.683 15.072 14.262 11.707 7.582 3.788 7.160 5.149 21.108 23.361 13.705 14.321 12.149 9.031 6.618 3.508 2.046 5.833 7.720 9.006 10.060 10.214 9.442 8.783 8.624 8.407 7.653 6.662 6.387 6.503 7.377 8.188 8.310 8.349 7.354
4.242 5.842 6.195 6.812 2.580 5.620 8.677 15.110 24.829 26.428 23.952 19.661 9.770 12.097 7.427 17.806 17.196 12.742 8.694 4.842 3.543 4.329 5.433 5.936 6.315 5.953 6.702 4.621 2.668 10.330 12.038 10.683 9.265 6.909 6.822 6.721 16.138 16.610 11.728 13.841 11.317 8.820 6.778 4.305 6.428 9.446 11.209 11.077 10.927 10.817 9.527 8.407 8.108 7.902 7.389 6.570 6.260 7.491 8.767 8.349 7.992 7.659 5.635
18.407 21.332 21.306 17.665 8.767 22.449 24.450 16.562 17.884 11.149 1.882 10.884 14.330 14.398 5.855 10.420 11.862 10.531 8.473 4.755 3.945 4.964 5.849 6.037 5.344 4.974 7.299 10.320 11.670 9.879 4.261 0.949 4.716 6.636 5.627 1.300 15.024 7.279 13.590 11.712 9.092 6.882 4.694 7.625 9.349 10.534 9.828 7.204 6.443 7.736 7.026 6.530 6.498 6.304 6.616 6.666 6.494 7.186 7.430 6.687 6.796 6.519 3.824
18.362 17.677 19.396 24.204 10.777 27.982 20.610 19.110 10.536 8.826 5.084 4.314 10.070 8.311 7.717 9.987 9.988 8.974 8.030 6.426 4.704 3.787 3.786 6.335 9.571 10.499 9.339 7.941 9.830 12.292 9.883 5.342 0.616 2.139 3.291 5.402 9.830 10.839 8.715 1.198 1.016 4.884 7.724 8.638 8.409 9.057 8.133 5.697 1.978 4.502 4.177 4.058 4.676 5.071 5.622 6.221 6.018 5.113 3.853 2.773 4.504 5.261 4.851
8.625 4.964 19.848 27.509 9.429 29.824 10.957 5.839 11.465 13.425 11.248 8.444 5.853 5.592 10.906 12.676 11.414 9.708 9.455 9.480 9.523 9.996 9.109 6.922 5.408 4.190 1.634 1.407 4.716 6.464 7.696 8.606 7.060 5.875 4.896 3.087 9.959 9.901 5.622 3.871 5.116 5.412 6.577 7.751 8.401 8.972 9.032 8.837 7.212 5.613 3.773 2.857 3.028 3.455 3.600 3.776 3.115 1.667 1.752 3.979 4.612 4.750 7.241
3.412 6.751 17.545 24.192 6.655 21.470 28.282 16.799 8.441 7.941 6.509 5.391 3.067 2.912 7.933 11.021 11.492 11.212 10.382 9.040 6.499 4.443 4.329 3.735 4.667 5.881 3.862 2.809 4.450 4.999 6.400 8.419 7.747 5.192 4.696 4.092 4.736 5.322 10.216 9.038 5.110 6.228 5.840 5.152 5.688 6.415 7.543 9.271 10.285 9.640 7.253 4.377 2.612 2.291 2.134 2.464 2.859 2.977 3.248 4.393 4.740 6.190 7.458
4.097 8.283 12.917 18.026 19.225 2.151 18.878 14.238 11.141 9.723 5.540 3.384 2.514 4.971 6.417 7.358 7.179 7.936 6.665 6.801 7.471 5.840 4.665 4.545 6.091 8.215 8.478 7.990 8.842 8.330 5.671 4.592 4.371 3.602 3.522 7.755 8.202 1.451 5.363 13.462 12.464 4.059 3.587 2.483 3.121 4.656 5.951 9.110 11.948 11.382 8.365 5.133 3.513 3.321 3.715 3.780 2.854 2.169 2.848 3.779 4.845 5.128 4.256
4.962 8.540 10.756 13.139 18.869 2.531 18.772 16.322 10.274 6.549 5.133 4.469 5.028 5.809 6.004 6.912 6.979 6.467 4.619 7.079 10.095 10.780 9.559 7.781 6.018 5.559 5.230 3.484 4.035 5.977 6.751 5.325 3.239 4.073 7.423 9.918 11.830 8.921 4.044 9.151 17.583 10.876 2.933 2.792 4.808 5.658 7.146 10.685 10.514 9.685 8.028 5.668 4.522 4.123 4.711 4.500 3.471 2.309 1.560 2.282 5.387 6.948 6.788
7.533 9.978 11.708 12.193 14.121 5.507 15.067 24.931 20.901 13.867 8.321 2.271 1.329 3.254 5.192 5.806 4.490 5.165 7.518 7.958 8.397 9.195 9.356 8.300 6.841 6.261 5.635 4.695 4.476 5.187 6.703 7.296 7.294 6.302 4.336 4.955 8.600 9.954 8.882 0.587 13.235 18.100 12.278 9.321 9.100 11.235 12.293 8.741 5.330 7.917 6.801 4.759 3.812 3.940 4.435 4.189 4.052 3.943 2.918 1.153 2.201 4.460 5.622
12.174 13.038 12.488 10.422 7.722 8.759 0.414 15.073 16.292 11.885 9.976 3.315 1.393 3.503 5.772 5.749 5.942 6.755 6.151 6.039 7.004 7.620 7.409 8.157 9.324 9.360 9.720 10.391 10.944 10.497 9.331 8.059 6.580 4.401 1.890 2.721 5.119 8.131 10.648 8.657 1.033 12.990 16.629 12.239 6.032 7.200 4.599 5.802 8.356 7.229 4.226 2.327 2.464 3.599 4.555 4.561 3.771 3.390 3.045 2.727 1.069 3.173 5.524
11.180 8.212 6.389 5.719 5.202 8.747 6.277 15.956 21.825 13.303 8.579 3.334 0.776 2.799 5.026 4.606 4.202 4.328 4.745 5.260 5.761 6.033 5.825 6.703 8.639 9.912 10.278 9.713 9.167 9.311 8.427 6.690 5.152 3.912 3.251 2.457 2.241 4.531 7.471 8.327 4.646 2.499 6.787 12.432 6.675 3.614 15.044 12.225 9.978 6.273 1.364 2.652 4.792 5.556 5.967 4.788 3.216 2.635 2.746 3.756 3.266 3.340 4.184
7.024 7.087 7.929 6.954 4.841 8.193 4.548 18.876 22.544 8.314 3.168 2.740 2.248 3.023 3.227 1.477 2.076 2.263 2.261 2.888 3.765 4.724 4.939 4.323 3.594 3.377 3.613 4.615 5.940 7.188 7.229 6.693 7.075 7.126 7.826 7.759 8.348 9.531 8.748 6.533 3.708 3.327 1.083 6.578 9.332 13.647 11.380 2.690 1.622 5.564 8.296 9.057 9.109 7.986 5.390 3.010 2.611 3.225 5.023 5.078 3.924 3.290 3.404
10.033 8.067 7.626 8.532 7.575 7.083 1.226 17.877 21.439 7.455 3.779 7.082 7.164 5.923 3.742 1.348 0.841 1.297 3.000 5.162 7.221 8.592 8.968 8.505 8.220 7.810 6.596 6.119 7.838 8.293 8.321 8.597 8.986 9.207 9.386 8.415 7.716 4.010 2.350 7.003 8.295 7.534 4.155 2.044 11.554 15.848 8.097 6.528 9.507 12.542 13.042 11.944 9.727 7.168 5.635 4.030 2.887 6.031 5.884 2.969 3.374 3.351 2.413
7.015 8.407 9.660 10.540 9.124 8.816 5.306 11.717 25.520 22.277 16.199 11.841 10.189 5.631 2.915 2.435 1.243 2.958 5.064 7.000 6.966 5.348 4.363 3.877 3.645 3.922 5.785 9.037 11.340 10.643 9.318 8.926 9.101 6.826 2.794 5.246 7.238 10.441 12.089 11.080 9.058 9.365 8.660 2.233 8.700 17.427 17.409 12.515 10.664 12.183 11.095 8.153 6.195 4.318 2.663 4.556 6.924 5.855 2.292 2.359 4.793 5.738 3.906
5.533 7.238 8.618 10.801 11.641 11.883 12.001 4.900 9.824 18.887 14.775 7.257 4.839 3.285 2.360 2.538 3.046 3.411 4.686 5.474 4.200 4.475 6.125 7.050 7.106 6.825 6.745 6.670 6.673 5.574 5.144 7.706 6.387 5.132 9.259 10.330 10.441 10.276 8.395 8.026 8.796 9.730 11.675 9.154 2.887 9.942 15.910 16.240 13.239 11.081 3.932 4.089 6.253 6.359 6.450 7.173 5.741 3.030 2.848 2.961 4.359 6.409 6.601
5.158 4.325 4.342 5.179 5.438 7.755 10.292 10.220 5.923 5.055 15.283 12.535 5.612 1.806 2.647 4.371 3.461 1.678 2.950 4.420 3.991 2.651 3.416 5.811 5.476 3.620 5.236 7.434 7.145 6.735 7.377 7.022 11.267 17.678 15.933 11.322 7.061 6.990 6.026 6.172 7.546 8.103 9.994 12.040 9.696 2.420 5.252 9.968 9.656 3.869 9.391 10.344 9.313 8.088 6.261 4.172 2.113 1.319 2.017 2.490 3.526 4.873 4.965
7.246 6.516 5.425 4.079 3.120 3.948 6.023 7.642 7.432 4.378 14.175 13.339 7.709 5.134 5.060 3.499 2.902 0.290 2.213 3.889 5.166 5.993 5.831 5.313 4.730 3.784 5.289 7.580 6.715 7.509 9.181 1.194 13.168 13.007 13.782 14.370 10.597 7.523 5.365 5.319 6.189 7.419 8.628 10.440 13.037 10.655 5.258 0.522 3.105 7.762 11.333 6.856 4.169 2.077 2.408 2.476 1.194 1.043 2.280 3.668 4.372 4.501 2.624
8.564 8.469 7.303 5.452 4.000 3.761 6.071 8.769 5.136 4.006 7.747 12.916 10.616 6.771 3.939 5.035 3.973 1.049 3.163 4.912 6.890 4.983 0.898 3.851 6.836 6.651 5.811 7.276 7.041 6.421 6.250 11.060 10.812 7.070 9.617 15.926 14.962 8.635 5.933 4.886 5.424 7.006 7.653 7.495 9.427 11.443 11.353 8.660 3.857 5.027 13.481 15.230 13.893 11.743 7.433 3.901 1.413 1.798 3.629 4.169 3.332 4.028 2.867
6.966 6.769 7.574 8.123 7.877 8.251 8.916 4.400 6.048 8.572 3.893 6.685 10.400 5.758 5.262 6.866 2.336 2.078 4.236 4.911 6.551 2.748 3.332 2.935 4.702 6.697 6.182 6.627 6.982 7.538 14.869 16.160 12.862 10.324 11.256 12.444 17.800 15.775 13.764 9.922 6.585 6.518 6.746 5.857 5.386 5.457 6.760 7.113 5.353 1.096 4.327 12.062 17.014 15.740 12.078 3.908 2.511 4.347 6.239 3.749 4.257 5.966 3.477
6.445 5.289 4.500 4.907 4.926 4.506 4.098 2.888 7.647 4.986 6.356 4.819 3.808 6.539 8.739 5.075 0.903 2.707 4.359 4.400 4.477 2.557 1.678 2.942 6.364 7.766 5.025 5.741 4.883 14.721 16.733 15.232 15.534 12.993 8.793 5.769 13.169 16.745 17.241 16.875 11.462 7.962 7.398 6.702 6.601 6.268 4.794 4.185 6.110 7.934 7.532 5.614 5.066 15.981 18.680 8.642 6.707 7.577 8.793 6.291 10.601 5.356 1.431
2.051 3.569 3.916 4.386 5.168 5.532 5.496 5.628 7.475 3.502 6.644 8.521 7.297 7.123 7.330 4.546 1.626 3.364 4.576 4.249 4.897 5.359 4.532 5.402 6.953 7.171 5.560 5.560 9.308 16.468 13.605 14.011 13.384 10.903 4.557 3.563 3.110 5.070 9.571 16.259 15.862 11.713 8.896 6.749 5.533 3.978 3.751 8.501 11.996 10.552 9.507 11.660 6.515 8.669 20.366 12.593 8.676 9.752 8.171 9.115 13.504 3.409 2.082
8.997 8.016 7.375 7.415 7.200 6.400 5.234 9.288 10.122 7.999 7.737 6.169 3.459 6.175 4.322 5.232 2.938 3.225 5.035 6.362 7.394 6.738 5.851 6.942 7.777 7.443 6.780 4.979 12.300 14.550 10.656 10.137 7.117 8.831 5.168 3.208 5.229 5.393 9.279 13.842 15.845 12.213 8.839 11.064 12.033 11.886 11.212 10.579 8.218 7.124 7.319 9.611 10.558 2.587 13.866 15.121 13.225 10.447 5.790 12.763 10.068 3.725 3.745
6.810 7.225 7.236 6.455 4.345 5.670 5.084 11.596 9.312 7.482 6.199 7.677 4.262 7.735 5.906 4.520 2.869 1.318 4.026 5.683 5.593 5.323 5.065 6.093 7.542 7.939 9.991 9.132 9.947 11.217 9.024 4.229 4.490 9.557 7.878 2.355 5.971 9.522 11.897 13.894 10.486 9.565 18.159 19.638 17.575 15.182 11.633 8.424 7.052 7.093 7.220 8.683 9.521 7.666 2.399 10.909 10.607 6.376 12.324 9.090 8.138 7.285 8.245
