selke/input/morph/slope.asc
ncols                480
nrows                360
xllcorner     4422000.00
yllcorner     5716000.00
cellsize          100.00
NODATA_value       -9999
[rows 224 to 251 of 360, columns 126 to 188 of 480]
-9999.000 -9999.000 -9999.000 -9999.000 -9999.000 -9999.000 -9999.000 -9999.000 -9999.000 -9999.000 -9999.000 -9999.000 -9999.000 -9999.000 -9999.000 -9999.000 -9999.000 -9999.000 -9999.000 -9999.000 -9999.000 -9999.000 -9999.000 -9999.000 -9999.000 -9999.000 -9999.000 -9999.000 -9999.000 -9999.000 -9999.000 -9999.000 -9999.000 -9999.000 -9999.000 -9999.000 -9999.000 -9999.000 -9999.000 -9999.000 -9999.000 -9999.000 -9999.000 -9999.000 -9999.000 -9999.000 -9999.000 -9999.000 -9999.000 -9999.000 -9999.000 -9999.000 -9999.000 -9999.000 -9999.000 -9999.000 -9999.000 -9999.000 -9999.000 -9999.000 -9999.000 -9999.000 -9999.000
-9999.000 -9999.000 -9999.000 -9999.000 -9999.000 -9999.000 -9999.000 -9999.000 -9999.000 -9999.000 -9999.000 -9999.000 -9999.000 -9999.000 -9999.000 -9999.000 -9999.000 -9999.000 -9999.000 -9999.000 -9999.000 -9999.000 -9999.000 -9999.000 -9999.000 -9999.000 -9999.000 -9999.000 -9999.000 -9999.000 -9999.000 -9999.000 -9999.000 -9999.000 -9999.000 -9999.000 -9999.000 -9999.000 -9999.000 -9999.000 -9999.000 -9999.000 -9999.000 -9999.000 -9999.000 -9999.000 -9999.000 -9999.000 -9999.000 -9999.000 -9999.000 -9999.000 -9999.000 -9999.000 -9999.000 -9999.000 -9999.000 -9999.000 -9999.000 -9999.000 -9999.000 -9999.000 -9999.000
-9999.000 -9999.000 -9999.000 -9999.000 -9999.000 -9999.000 -9999.000 -9999.000 -9999.000 -9999.000 -9999.000 -9999.000 -9999.000 -9999.000 -9999.000 -9999.000 -9999.000 -9999.000 -9999.000 -9999.000 -9999.000 -9999.000 -9999.000 -9999.000 -9999.000 -9999.000 -9999.000 -9999.000 -9999.000 -9999.000 -9999.000 -9999.000 -9999.000 -9999.000 -9999.000 -9999.000 -9999.000 -9999.000 -9999.000 -9999.000 -9999.000 -9999.000 -9999.000 -9999.000 -9999.000 -9999.000 -9999.000 -9999.000 -9999.000 -9999.000 -9999.000 -9999.000 -9999.000 -9999.000 -9999.000 -9999.000 -9999.000 -9999.000 -9999.000 -9999.000 -9999.000 -9999.000 -9999.000
4.360 5.893 2.047 -9999.000 -9999.000 -9999.000 -9999.000 -9999.000 -9999.000 -9999.000 -9999.000 -9999.000 -9999.000 -9999.000 -9999.000 -9999.000 -9999.000 -9999.000 -9999.000 -9999.000 -9999.000 -9999.000 -9999.000 -9999.000 -9999.000 -9999.000 -9999.000 -9999.000 -9999.000 -9999.000 -9999.000 -9999.000 -9999.000 -9999.000 -9999.000 -9999.000 -9999.000 -9999.000 1.456 1.759 1.928 -9999.000 -9999.000 -9999.000 -9999.000 -9999.000 -9999.000 -9999.000 -9999.000 -9999.000 -9999.000 -9999.000 -9999.000 -9999.000 -9999.000 -9999.000 -9999.000 -9999.000 -9999.000 -9999.000 -9999.000 -9999.000 -9999.000
6.567 7.009 5.034 -9999.000 -9999.000 -9999.000 -9999.000 -9999.000 -9999.000 -9999.000 -9999.000 -9999.000 -9999.000 -9999.000 -9999.000 -9999.000 -9999.000 -9999.000 -9999.000 -9999.000 -9999.000 -9999.000 -9999.000 -9999.000 -9999.000 -9999.000 -9999.000 -9999.000 -9999.000 -9999.000 -9999.000 -9999.000 -9999.000 -9999.000 -9999.000 -9999.000 -9999.000 1.851 2.018 3.307 3.468 -9999.000 -9999.000 -9999.000 -9999.000 -9999.000 -9999.000 -9999.000 -9999.000 -9999.000 -9999.000 -9999.000 -9999.000 -9999.000 -9999.000 -9999.000 -9999.000 -9999.000 -9999.000 -9999.000 -9999.000 -9999.000 -9999.000
8.136 9.064 7.217 3.387 -9999.000 -9999.000 -9999.000 -9999.000 -9999.000 -9999.000 -9999.000 -9999.000 -9999.000 -9999.000 -9999.000 -9999.000 -9999.000 -9999.000 -9999.000 -9999.000 -9999.000 -9999.000 -9999.000 -9999.000 -9999.000 -9999.000 -9999.000 -9999.000 -9999.000 -9999.000 -9999.000 -9999.000 -9999.000 -9999.000 -9999.000 3.861 4.466 4.270 3.041 4.855 5.573 -9999.000 -9999.000 -9999.000 -9999.000 -9999.000 -9999.000 -9999.000 -9999.000 -9999.000 -9999.000 -9999.000 -9999.000 -9999.000 -9999.000 -9999.000 -9999.000 -9999.000 -9999.000 -9999.000 -9999.000 -9999.000 -9999.000
5.271 8.083 7.738 4.896 -9999.000 -9999.000 -9999.000 -9999.000 -9999.000 -9999.000 -9999.000 -9999.000 -9999.000 -9999.000 -9999.000 -9999.000 -9999.000 -9999.000 -9999.000 -9999.000 -9999.000 -9999.000 -9999.000 -9999.000 -9999.000 -9999.000 -9999.000 -9999.000 -9999.000 -9999.000 -9999.000 -9999.000 -9999.000 3.849 3.581 4.410 5.946 5.914 3.701 5.111 6.198 5.869 -9999.000 -9999.000 -9999.000 -9999.000 -9999.000 -9999.000 -9999.000 -9999.000 -9999.000 -9999.000 -9999.000 -9999.000 -9999.000 -9999.000 -9999.000 -9999.000 -9999.000 -9999.000 -9999.000 -9999.000 -9999.000
5.862 5.883 6.266 4.407 -9999.000 -9999.000 -9999.000 -9999.000 -9999.000 -9999.000 -9999.000 -9999.000 -9999.000 -9999.000 -9999.000 -9999.000 -9999.000 -9999.000 -9999.000 -9999.000 -9999.000 -9999.000 -9999.000 -9999.000 -9999.000 -9999.000 -9999.000 -9999.000 -9999.000 -9999.000 -9999.000 -9999.000 5.241 5.295 5.148 5.717 6.678 6.070 3.920 4.364 5.437 3.989 2.490 -9999.000 -9999.000 -9999.000 -9999.000 -9999.000 -9999.000 -9999.000 -9999.000 0.284 0.260 0.488 0.478 0.274 -9999.000 -9999.000 -9999.000 -9999.000 -9999.000 -9999.000 -9999.000
2.655 4.418 4.913 2.829 -9999.000 -9999.000 -9999.000 -9999.000 -9999.000 -9999.000 -9999.000 -9999.000 -9999.000 -9999.000 -9999.000 -9999.000 -9999.000 -9999.000 -9999.000 -9999.000 -9999.000 -9999.000 -9999.000 -9999.000 -9999.000 -9999.000 -9999.000 -9999.000 -9999.000 -9999.000 -9999.000 6.019 6.037 6.566 7.171 6.721 6.526 5.681 3.656 3.178 4.792 4.563 2.275 2.378 3.513 4.096 4.290 -9999.000 3.264 2.342 1.663 1.518 1.317 1.039 0.839 0.479 0.045 -9999.000 -9999.000 -9999.000 -9999.000 -9999.000 -9999.000
5.702 4.691 4.173 3.284 2.609 3.667 5.949 7.180 4.650 3.125 1.179 -9999.000 -9999.000 -9999.000 -9999.000 -9999.000 -9999.000 -9999.000 -9999.000 -9999.000 -9999.000 -9999.000 -9999.000 -9999.000 -9999.000 -9999.000 -9999.000 -9999.000 -9999.000 -9999.000 7.473 6.862 5.872 6.334 8.297 8.241 6.545 5.290 2.969 2.587 2.826 5.211 3.545 3.721 6.177 8.158 7.289 5.142 4.847 4.112 3.532 3.073 2.740 2.183 1.209 0.553 0.120 -9999.000 -9999.000 -9999.000 -9999.000 -9999.000 -9999.000
9.164 5.965 5.160 4.765 4.258 4.983 7.809 9.439 7.826 6.141 4.579 4.876 1.656 -9999.000 -9999.000 -9999.000 -9999.000 -9999.000 -9999.000 -9999.000 -9999.000 -9999.000 -9999.000 -9999.000 16.218 19.889 14.948 7.056 5.524 6.057 7.237 7.702 7.117 7.378 9.217 8.986 6.626 5.927 4.183 3.311 2.659 3.874 3.923 5.341 9.386 10.846 9.636 8.552 6.573 5.391 5.868 4.863 3.727 3.078 1.918 0.829 0.410 0.789 0.900 0.808 1.381 1.434 1.488
12.062 7.085 4.732 4.304 5.255 6.987 9.990 11.323 8.695 5.864 6.408 6.441 2.788 -9999.000 -9999.000 -9999.000 -9999.000 -9999.000 -9999.000 -9999.000 -9999.000 6.193 8.953 10.741 16.211 18.739 15.086 9.428 8.197 8.077 8.217 8.333 7.674 8.683 10.111 8.175 5.884 4.965 3.106 1.658 2.265 3.525 8.854 11.015 11.609 10.706 9.183 9.050 6.909 5.613 5.019 4.098 5.042 3.509 1.431 0.565 1.580 1.948 2.694 2.999 3.224 3.800 4.979
11.717 6.242 2.326 5.206 7.807 8.569 10.498 10.774 6.215 4.529 6.726 8.384 6.678 3.337 -9999.000 -9999.000 -9999.000 -9999.000 -9999.000 -9999.000 8.750 13.251 11.771 11.672 15.182 15.509 14.445 11.381 9.175 7.051 6.316 6.036 6.752 9.583 8.453 4.720 4.878 5.693 6.160 6.652 7.469 7.012 4.309 4.987 6.587 7.749 5.881 5.709 8.633 7.607 3.443 7.234 4.105 2.369 2.767 3.075 2.783 2.825 3.089 3.846 5.044 6.842 8.670
12.147 4.915 4.532 9.183 10.287 9.782 10.299 10.056 5.578 5.093 5.492 7.108 6.762 4.977 2.120 0.285 1.120 5.388 10.482 13.632 15.534 14.996 12.378 11.385 12.942 12.604 13.086 11.331 9.628 7.052 5.318 5.013 7.217 9.760 7.144 4.958 5.210 5.341 3.614 1.749 4.137 8.911 9.993 7.823 7.742 8.992 8.468 4.801 6.320 7.565 8.138 8.072 3.103 3.161 4.729 5.179 4.539 3.996 3.123 3.120 5.844 8.356 9.666
11.873 8.199 9.775 11.555 11.536 12.736 12.927 11.938 9.149 8.927 6.723 6.062 5.508 5.463 3.125 3.162 6.003 9.111 13.220 15.960 15.622 13.866 11.328 10.311 12.062 12.135 13.255 12.116 9.398 6.156 5.026 5.780 7.678 7.748 5.297 3.463 2.929 5.312 6.359 5.911 6.990 6.676 5.305 4.024 6.124 8.798 10.726 9.557 5.871 4.407 11.905 9.750 4.443 4.866 6.654 7.925 7.810 5.026 2.274 2.447 6.456 7.327 7.011
8.886 9.073 10.896 10.896 10.710 11.384 12.296 11.636 9.469 10.361 8.830 7.211 5.948 4.592 3.552 6.670 9.362 10.528 11.859 12.881 13.100 13.021 11.528 10.617 12.835 12.535 13.740 13.282 9.662 6.392 5.441 7.225 8.203 6.585 4.564 2.876 4.046 7.534 8.685 9.383 11.857 9.221 3.400 2.345 3.887 6.338 9.100 10.284 11.103 5.565 11.653 13.257 10.176 9.444 9.103 9.800 10.647 10.125 8.445 8.157 7.084 5.616 5.592
6.917 7.301 8.596 8.863 8.867 8.489 8.406 7.737 5.017 8.122 8.803 8.392 5.582 2.624 4.117 7.592 9.523 9.866 10.436 11.010 11.448 12.216 12.029 11.336 12.799 12.091 13.329 13.933 10.361 7.254 5.218 7.732 9.242 7.327 5.754 3.848 4.065 7.951 9.874 9.602 8.453 11.186 9.402 2.287 4.013 5.987 7.237 8.450 11.883 9.554 6.411 14.755 14.742 12.782 11.314 9.890 9.867 12.618 13.983 12.573 8.812 4.828 5.172
9.339 6.633 5.801 7.317 8.052 7.709 6.771 5.088 7.157 10.176 8.664 8.175 6.187 4.762 4.841 7.279 8.834 8.348 7.856 8.108 8.397 9.011 9.339 10.104 11.677 11.522 13.093 14.754 11.209 9.134 6.631 8.874 11.576 9.695 7.718 5.662 4.416 8.716 12.492 10.838 9.818 9.653 15.035 8.066 6.365 7.415 6.521 6.929 9.918 10.059 6.161 8.194 14.038 14.037 11.636 7.326 6.165 8.790 10.058 8.177 7.035 4.834 5.592
10.614 6.941 3.340 7.029 7.164 5.891 4.626 3.191 6.995 11.958 11.237 10.738 8.462 5.240 3.082 5.840 6.806 6.441 5.801 5.008 4.704 4.900 4.563 7.346 9.586 9.103 10.206 12.616 10.157 10.058 10.910 11.561 14.332 12.109 9.662 9.097 11.679 16.546 17.915 15.406 13.450 9.417 14.612 11.722 7.558 7.309 5.675 5.430 7.338 7.434 10.432 9.537 7.794 12.687 12.022 7.888 3.529 4.829 6.668 7.749 7.708 6.903 6.612
10.137 9.295 2.472 6.501 7.326 5.270 3.635 3.479 4.110 9.188 8.401 8.194 7.432 4.967 1.129 5.231 5.791 6.541 7.670 7.706 6.908 5.987 4.709 4.191 3.877 5.455 8.268 11.636 11.523 6.876 12.230 15.373 15.962 13.180 11.052 12.725 18.893 20.965 17.816 15.193 13.284 9.667 12.711 10.765 6.708 6.477 5.620 6.157 7.028 5.954 9.005 11.539 7.295 3.686 9.443 12.529 5.046 4.635 4.745 8.641 9.537 7.608 4.784
11.884 11.768 4.231 5.036 7.546 6.431 4.234 3.605 3.368 9.405 10.545 9.933 9.843 6.331 1.718 4.565 4.338 4.098 5.260 5.957 6.041 6.068 6.783 5.823 5.297 6.821 7.952 10.334 14.191 11.347 5.280 7.520 10.234 8.098 7.754 14.780 19.094 15.729 12.920 13.092 11.544 9.819 12.838 10.495 7.788 7.344 5.906 5.212 6.279 6.308 7.509 7.960 7.857 6.972 1.332 9.692 12.934 7.144 6.806 5.483 7.249 5.751 4.738
14.203 14.607 6.369 3.496 7.181 7.165 6.122 4.728 4.008 7.539 13.347 13.272 11.892 6.910 5.760 6.400 5.415 4.794 5.349 5.789 5.583 4.446 4.496 4.169 4.220 6.924 7.255 8.635 12.306 13.407 12.034 12.332 12.695 10.452 9.778 12.480 11.289 9.210 9.491 10.687 8.979 10.456 16.722 16.437 12.211 10.282 7.322 3.390 5.207 5.642 5.536 5.106 6.041 6.473 5.275 5.281 13.383 14.013 7.686 13.392 13.855 7.892 4.199
15.667 18.133 10.205 1.675 6.080 6.694 6.526 5.644 6.277 2.562 10.427 14.755 10.648 5.336 6.362 7.135 5.559 3.970 4.861 6.188 5.867 3.055 2.036 3.741 4.584 6.112 6.876 8.392 9.677 8.669 6.941 7.807 9.037 9.988 14.017 13.791 8.672 6.184 5.543 5.679 4.895 2.557 9.455 18.462 18.773 15.534 12.478 7.210 2.414 5.746 6.709 6.664 8.214 9.905 8.921 6.703 5.324 6.483 11.864 18.572 6.073 4.884 6.661
14.834 19.964 13.904 4.095 5.881 6.115 7.080 7.164 6.761 3.418 10.617 15.698 9.358 5.391 6.649 6.599 5.493 4.487 4.813 6.693 7.560 5.753 4.087 2.905 5.219 8.066 10.605 11.913 11.229 7.624 6.181 8.281 9.374 11.462 13.311 11.360 8.618 8.213 8.413 8.920 9.304 9.855 8.063 7.194 15.645 15.399 13.890 10.844 1.797 3.628 5.791 6.820 9.130 15.521 18.000 7.343 5.441 8.740 20.443 8.044 9.478 10.407 7.440
14.784 18.892 10.837 4.718 6.677 8.145 11.539 13.009 10.103 4.065 12.108 13.825 6.273 3.877 7.327 6.242 5.172 4.765 6.257 11.774 13.862 12.315 13.044 11.550 12.370 14.517 15.273 14.612 11.408 7.386 7.141 9.414 9.331 10.285 10.985 9.250 6.649 5.815 4.503 3.658 4.657 6.614 10.212 8.987 5.458 11.423 16.026 12.295 3.981 1.810 4.179 5.668 4.405 12.420 22.979 8.165 7.908 17.490 23.897 17.835 13.101 6.493 3.804
19.170 15.404 5.569 5.493 6.734 9.685 15.600 15.597 7.813 11.966 17.547 12.653 3.539 3.386 7.221 7.014 8.789 8.643 9.737 16.214 15.740 14.882 16.944 17.904 19.059 18.836 16.567 13.842 10.648 9.839 11.315 11.994 11.566 12.619 13.637 14.292 14.139 14.013 13.244 13.141 13.525 13.120 12.464 11.056 7.068 9.964 19.899 12.715 3.057 5.934 9.945 12.827 15.235 16.326 18.407 14.983 12.621 18.170 23.919 10.609 6.779 5.710 14.465
17.894 15.390 10.870 7.090 4.830 9.800 16.696 5.867 15.151 21.948 15.469 5.773 2.006 6.436 8.747 10.623 11.977 12.114 12.269 15.474 12.969 11.670 12.400 14.308 15.603 14.259 12.157 9.766 8.335 9.571 10.866 11.469 13.931 15.575 13.652 10.358 7.460 5.635 3.919 3.824 4.332 4.765 6.317 6.835 5.495 6.074 22.201 17.475 3.907 5.592 7.408 8.078 8.380 9.242 13.281 17.198 13.922 11.067 23.424 12.263 3.566 10.982 16.034
7.204 10.466 9.852 7.423 4.625 11.066 18.171 4.289 24.382 16.934 5.737 2.691 6.101 8.173 9.655 10.658 8.460 11.998 13.551 12.887 10.359 8.506 6.764 9.680 11.767 10.918 9.554 6.776 6.660 10.364 11.969 12.843 12.144 7.980 4.135 8.780 12.851 13.808 13.190 12.932 12.734 12.378 12.518 12.275 11.182 4.843 16.982 23.365 11.767 5.125 5.366 7.141 9.537 8.343 11.015 18.272 7.391 20.104 22.555 6.719 7.168 14.605 1.444
