selke/input/morph/slope.asc
ncols                480
nrows                360
xllcorner     4422000.00
yllcorner     5716000.00
cellsize          100.00
NODATA_value       -9999
[rows 252 to 279 of 360, columns 126 to 188 of 480]
10.173 6.103 4.615 3.055 4.135 10.736 18.026 8.812 26.453 14.478 9.715 10.523 10.267 8.891 8.190 8.729 8.611 8.955 12.189 11.332 7.367 5.483 6.512 6.304 6.504 6.088 2.900 0.377 5.443 10.125 7.141 4.040 5.511 8.609 9.480 7.997 7.341 6.923 5.600 4.948 4.882 5.138 6.157 7.301 9.444 11.143 3.354 19.991 17.112 8.450 9.689 15.091 22.814 24.944 23.167 19.008 4.760 21.965 12.297 3.251 7.671 14.897 10.976
5.047 6.492 5.142 1.953 4.472 10.326 14.587 4.776 24.376 29.930 23.658 19.490 17.696 15.407 12.288 8.560 8.447 9.250 7.863 6.936 5.354 4.863 5.510 6.295 5.668 4.153 3.790 3.349 6.630 9.161 8.660 7.153 4.902 2.812 4.442 8.071 9.982 9.451 8.963 9.164 9.096 7.450 4.885 4.763 7.146 10.172 8.774 11.573 18.053 6.514 15.069 24.241 30.071 24.629 18.607 8.336 14.470 17.938 7.472 4.015 13.153 15.604 18.347
5.180 1.753 1.418 2.320 5.647 8.895 10.330 10.679 5.408 20.897 28.547 29.447 28.902 27.804 23.134 13.745 5.513 8.066 8.650 5.167 5.340 8.998 6.082 1.216 6.748 6.251 2.869 5.922 7.382 6.542 7.017 7.616 10.043 12.569 13.884 14.969 15.113 14.684 15.187 15.435 14.671 12.164 8.017 3.012 4.583 8.977 14.363 6.867 17.509 8.884 17.380 25.050 21.351 7.793 3.775 7.315 16.602 15.020 13.258 21.226 17.815 1.631 21.279
14.187 7.258 6.357 4.899 2.588 6.913 8.036 12.541 16.152 8.208 4.498 11.889 15.019 18.246 23.020 25.089 14.183 2.971 7.051 8.955 7.509 4.507 1.800 8.650 12.519 13.384 16.327 18.184 17.127 15.792 16.066 16.460 17.257 17.338 16.511 16.077 15.398 14.251 12.445 9.588 8.941 9.909 12.284 12.444 14.828 16.327 15.095 8.208 16.520 4.527 13.877 22.660 12.675 7.105 8.283 1.317 14.381 21.314 23.359 16.884 10.561 16.946 7.580
19.520 16.733 13.124 7.472 2.940 4.407 4.453 5.569 9.481 11.884 10.145 7.573 6.477 5.871 7.495 19.963 24.927 11.966 7.605 6.356 5.598 6.511 7.729 8.124 8.100 11.307 13.360 12.580 12.301 14.546 15.594 14.257 12.288 9.169 5.887 4.383 4.266 5.761 8.027 8.025 7.333 4.979 1.691 8.427 10.266 6.288 7.184 5.101 18.174 9.356 16.635 26.730 14.887 14.377 21.933 26.128 14.769 1.470 6.938 8.421 19.868 17.798 25.254
23.167 19.413 15.128 11.437 5.413 5.466 6.523 7.574 8.034 7.998 6.325 5.765 6.870 9.414 11.852 3.619 21.697 22.081 18.919 14.956 9.424 4.847 7.241 9.355 8.977 9.154 8.926 7.546 5.554 4.587 5.853 7.492 7.650 7.255 8.926 11.400 13.454 13.820 12.202 11.468 10.326 12.584 14.310 13.762 15.726 18.001 17.235 5.822 23.522 7.471 12.007 26.172 23.756 8.340 12.981 16.756 37.209 41.462 31.132 13.508 9.598 22.379 24.857
12.790 8.568 11.015 13.237 7.579 2.734 5.343 5.525 3.923 5.196 7.542 6.962 6.831 9.056 10.704 8.279 8.229 19.241 19.913 13.491 7.083 2.392 5.691 6.689 8.043 8.454 8.679 8.658 10.659 13.849 16.632 17.580 15.664 12.732 10.240 8.143 6.313 4.908 6.775 11.606 14.506 14.887 16.318 18.177 16.358 12.568 21.553 5.749 23.491 23.137 17.205 10.865 21.409 10.085 14.988 29.302 25.770 38.791 43.447 42.000 32.209 20.309 21.351
16.347 10.054 7.689 8.773 7.211 1.444 5.378 7.647 7.232 5.935 4.968 6.695 8.511 8.800 8.290 8.455 6.284 4.247 9.355 17.267 10.908 3.480 6.508 5.887 5.903 5.363 7.610 7.365 5.829 5.903 6.872 9.965 9.329 6.633 4.268 2.644 2.200 2.139 6.494 10.117 11.263 11.239 11.048 10.384 9.398 9.865 22.062 22.038 1.337 16.751 25.502 25.021 17.122 13.565 8.587 43.077 30.500 13.274 21.872 27.938 36.301 42.225 43.577
8.764 6.457 7.243 7.649 5.620 2.672 2.595 7.021 7.976 6.814 7.272 7.111 7.095 8.363 8.880 8.201 9.044 11.171 5.500 15.807 19.934 10.838 9.226 7.254 6.445 4.688 5.688 6.960 6.698 6.905 7.002 9.685 10.351 11.333 10.102 5.562 0.996 4.897 5.751 5.317 5.500 5.938 6.414 7.061 8.176 8.948 15.597 24.383 19.411 11.678 7.161 8.192 6.583 6.941 33.006 45.987 23.451 6.006 9.927 12.392 18.186 21.602 19.170
8.618 8.180 7.114 4.778 4.170 5.758 5.821 1.919 5.322 9.655 8.243 5.875 5.733 7.057 7.440 6.110 5.572 7.570 10.906 4.402 18.954 16.016 12.811 11.935 11.306 9.010 8.279 9.540 10.747 12.050 11.053 9.170 11.163 13.635 7.693 6.054 5.284 5.892 4.705 3.867 4.091 4.491 4.914 5.456 5.037 4.490 7.551 20.961 25.826 11.569 13.427 26.898 33.758 43.664 46.230 30.396 9.296 4.838 7.225 8.220 7.758 6.362 5.135
9.530 9.326 8.343 6.762 9.244 10.814 11.188 10.591 7.735 10.382 9.884 8.550 9.761 11.035 10.847 9.890 9.444 9.331 8.823 6.927 8.764 15.983 15.950 12.458 9.501 7.375 8.357 11.982 14.079 14.769 18.532 20.058 18.869 16.304 10.750 15.224 18.399 18.381 11.266 1.824 2.838 2.732 2.364 3.258 5.010 12.018 19.652 26.281 23.845 7.012 33.391 37.263 36.663 33.614 21.313 8.034 3.283 4.430 4.983 4.227 4.719 6.295 8.929
15.761 12.856 9.483 9.694 13.135 14.484 15.185 14.262 13.300 10.332 9.500 8.714 8.713 9.094 8.789 8.185 6.800 5.286 3.138 7.102 9.559 7.222 2.486 6.031 10.626 13.892 16.819 17.708 15.272 11.484 10.730 11.683 11.376 8.493 5.463 9.880 15.637 22.436 26.755 11.550 9.376 12.599 13.198 10.943 7.633 21.226 29.523 23.562 4.777 25.075 37.043 22.840 12.279 7.203 5.219 3.069 0.646 2.877 3.458 3.582 5.930 8.891 9.384
19.516 19.514 16.062 15.012 15.957 15.424 17.209 15.050 12.963 8.913 4.955 7.052 8.543 8.461 7.275 5.651 5.281 6.933 9.242 11.722 13.944 14.660 14.008 10.730 4.478 5.207 7.351 6.601 4.056 5.859 12.400 16.151 15.922 14.448 14.187 14.549 13.762 3.393 22.030 29.245 30.138 27.912 23.966 16.232 5.766 22.218 29.295 8.401 10.203 22.842 28.907 16.288 12.180 10.802 7.949 5.222 1.441 2.026 3.385 3.974 7.657 8.033 7.220
16.718 19.642 18.740 18.238 15.355 10.756 11.744 11.828 10.290 8.235 4.792 3.552 6.958 8.330 8.544 8.397 8.160 7.201 6.515 3.964 3.027 5.724 7.343 8.955 11.353 11.473 10.279 8.003 9.834 14.753 15.736 14.809 15.792 17.143 17.749 17.349 18.340 20.197 7.727 8.019 9.310 6.484 9.064 17.820 10.973 13.864 33.362 17.153 9.669 22.645 35.019 26.627 11.028 9.508 7.181 4.558 2.122 1.940 2.980 5.160 6.750 6.072 10.523
10.780 15.350 16.081 12.698 7.899 8.561 5.936 4.741 5.495 6.021 7.107 6.164 4.977 5.445 4.748 4.393 4.946 4.156 1.936 4.327 8.138 9.312 6.750 5.942 7.756 6.450 5.221 4.452 9.317 10.810 7.789 7.064 8.119 9.140 9.567 9.665 11.515 16.169 19.604 15.317 16.273 17.819 13.659 12.255 23.929 9.330 24.162 30.779 17.064 6.711 21.163 25.790 20.913 15.180 7.076 2.090 1.413 2.438 3.129 4.745 4.256 8.386 6.914
2.148 9.276 12.317 13.001 17.648 9.852 6.019 3.448 3.032 7.703 11.063 11.357 7.809 3.640 2.678 2.331 2.811 3.267 3.942 6.343 6.714 6.830 3.911 2.985 4.938 3.794 5.915 10.235 11.193 7.539 4.300 4.540 4.675 3.872 3.551 3.946 6.002 7.288 9.952 7.752 8.847 9.666 22.025 14.477 10.776 22.911 6.377 20.837 28.264 13.447 14.124 31.698 26.479 7.252 3.049 1.189 0.820 0.863 1.563 3.189 5.025 4.980 3.064
6.026 2.248 3.720 12.943 23.441 22.797 7.923 8.274 10.711 13.764 14.692 14.329 11.224 5.982 1.805 1.419 1.717 2.738 5.229 6.238 7.584 11.015 9.415 7.625 10.496 12.418 12.206 10.419 7.320 4.384 2.822 2.531 2.250 1.892 2.646 4.055 6.380 6.680 6.698 8.124 6.172 4.466 14.207 21.599 9.508 14.230 23.444 9.021 18.864 17.200 3.610 33.853 36.659 6.705 4.199 2.840 1.720 2.202 2.990 2.855 2.671 2.357 2.083
4.409 3.595 2.741 5.269 15.638 26.326 16.060 10.172 10.108 10.432 11.055 12.221 12.065 7.323 2.335 0.235 0.833 2.238 4.400 4.789 4.748 8.187 10.590 10.990 11.066 10.905 9.192 6.520 3.914 2.491 2.404 2.867 2.782 2.603 2.807 3.299 5.220 6.407 6.239 5.089 3.854 3.923 15.135 24.531 10.201 4.296 11.785 19.212 19.079 14.481 3.833 33.851 39.019 9.245 5.279 4.547 3.306 2.847 2.611 2.875 3.226 2.735 2.370
2.820 2.721 3.681 3.091 7.565 22.681 20.994 12.725 10.796 6.848 1.336 8.203 10.602 7.149 2.199 1.009 1.732 2.263 2.830 2.872 2.391 2.246 4.521 6.824 7.171 6.940 5.570 3.518 3.577 4.819 4.898 4.349 3.675 3.294 2.721 1.810 2.669 3.363 2.583 2.908 4.367 5.658 16.914 23.435 3.513 11.810 8.959 6.665 8.928 4.525 19.930 37.329 31.814 7.327 4.556 4.416 3.642 2.829 2.545 2.715 2.615 1.784 1.967
7.857 6.913 6.699 6.279 1.181 13.245 21.241 20.716 18.099 11.566 8.696 7.370 7.286 6.832 5.019 2.237 3.203 4.224 5.299 5.560 4.020 1.859 1.950 2.243 1.962 3.675 5.310 5.774 6.545 7.100 6.306 5.251 4.506 3.790 3.159 2.874 2.677 2.531 2.704 3.946 5.869 6.879 14.262 21.965 5.829 18.653 12.805 25.362 23.471 30.023 32.844 30.466 19.576 3.000 2.679 3.463 3.218 2.544 2.234 1.879 1.223 0.548 1.079
4.525 4.343 4.786 5.965 5.668 3.766 11.580 14.486 12.182 10.633 13.894 13.290 10.345 6.342 4.874 2.553 3.413 3.702 4.527 4.178 4.226 5.070 4.815 1.123 2.447 5.431 7.328 8.177 8.348 8.031 6.708 5.846 5.597 5.311 5.456 5.744 4.915 2.572 2.347 4.624 6.207 7.054 11.371 20.026 10.144 19.142 17.126 14.731 24.461 21.108 15.589 14.595 8.620 2.166 1.104 1.538 1.895 1.401 1.300 1.107 0.513 0.439 0.997
5.348 5.783 6.243 6.420 5.677 3.232 1.613 4.117 5.947 8.597 10.407 11.770 12.029 7.311 3.315 3.286 3.792 3.523 3.148 3.154 5.225 6.311 7.681 1.580 6.076 10.387 12.747 12.689 11.235 9.087 7.629 7.415 7.158 6.975 6.745 4.334 2.447 1.991 2.265 4.819 6.794 10.977 14.962 17.965 5.532 16.323 18.828 11.887 8.267 7.546 7.977 9.358 4.872 3.054 2.256 1.868 1.596 1.073 0.956 0.841 0.465 0.565 1.183
6.643 5.705 4.453 2.926 3.003 4.410 5.401 3.864 2.306 8.191 12.145 14.275 14.085 10.520 7.181 6.145 5.211 3.733 2.416 3.800 5.557 5.278 9.148 5.113 6.354 10.642 10.350 8.602 7.219 5.228 5.544 6.460 7.717 9.456 7.416 6.697 5.640 3.638 3.470 5.448 8.197 16.767 20.586 14.959 6.304 17.392 14.123 11.310 8.137 4.234 6.214 5.949 4.709 3.437 1.839 1.283 1.284 1.161 0.617 0.308 0.787 1.421 2.351
2.717 3.384 4.952 6.738 7.950 8.506 8.939 9.369 6.332 1.016 9.183 15.683 13.855 11.382 11.736 9.787 7.342 4.771 2.360 3.855 5.130 4.764 11.312 9.558 2.467 9.373 10.777 8.792 7.285 6.148 6.323 6.065 4.631 4.736 6.962 12.642 7.638 1.774 1.198 5.496 10.945 19.499 21.464 8.639 10.747 17.732 11.841 9.093 7.015 7.043 6.470 4.278 4.389 3.492 1.170 0.166 0.703 0.693 0.483 0.966 1.474 2.296 2.989
7.838 8.083 8.112 7.899 7.462 6.481 6.247 8.963 9.618 6.181 3.024 14.441 15.964 14.110 13.553 10.783 7.151 5.161 1.819 3.697 4.292 5.678 6.022 12.438 11.496 5.206 6.562 8.499 8.883 9.219 10.017 10.300 11.185 11.483 3.102 10.743 16.078 9.391 2.722 9.908 21.099 25.625 18.097 3.492 26.533 26.745 12.677 6.477 8.185 7.743 5.736 4.272 4.929 3.826 1.282 0.475 0.748 0.840 0.669 0.725 0.873 1.502 0.799
3.926 3.298 2.711 2.154 1.989 2.466 3.547 5.842 8.016 9.245 4.836 7.219 13.868 13.236 11.749 10.398 8.018 5.431 0.644 3.111 3.173 5.682 4.560 3.919 12.116 16.746 14.220 6.813 0.624 5.102 7.253 7.420 7.959 10.535 10.554 4.817 11.196 18.821 11.971 17.464 28.105 21.783 3.139 24.261 33.215 16.536 10.929 5.596 7.998 6.803 6.948 6.917 6.956 5.329 2.200 0.711 0.799 1.659 2.151 2.941 2.313 1.954 1.886
2.300 2.086 2.145 2.557 3.121 3.862 4.410 4.169 4.894 7.449 8.241 2.563 5.334 8.247 11.988 13.161 9.025 4.164 1.169 3.619 4.119 4.041 3.971 4.902 5.211 7.853 13.606 17.766 17.660 12.356 5.553 4.147 5.943 6.520 6.360 10.524 6.413 14.034 24.767 27.285 24.378 3.137 22.887 25.096 12.756 16.770 13.671 5.253 5.855 10.670 9.769 5.874 5.787 5.464 3.354 1.657 1.476 2.973 3.527 4.174 4.438 3.380 3.473
5.188 5.217 5.287 5.314 5.587 6.344 6.983 6.435 4.817 4.185 7.451 5.955 2.262 14.277 21.317 15.531 8.202 2.900 3.156 5.100 5.695 4.577 4.083 5.246 6.195 6.600 4.459 4.656 11.333 19.908 23.131 22.059 21.835 20.107 15.381 7.356 8.931 8.513 7.265 14.101 12.008 13.821 15.959 9.795 19.837 19.737 17.235 17.023 11.846 10.598 12.923 7.504 4.188 3.320 3.631 2.009 1.995 4.264 4.183 3.453 4.381 3.747 3.954
